[
    {
        "average": [
            8.01,
            9.27,
            8.55,
            8.35,
            8.64,
            8.79,
            8.66,
            8.36,
            8.63,
            8.12,
            8.72,
            8.51,
            8.14,
            8.43,
            8.5,
            8.58,
            8.49,
            8.17,
            8.29,
            8.52,
            8.89,
            8.75,
            8.08,
            8.25,
            8.14,
            8.31,
            8.59,
            8.97,
            8.84,
            8.65,
            9.0,
            8.3,
            8.64,
            9.01,
            8.65,
            8.92,
            8.2,
            8.71,
            8.35,
            8.17,
            8.27,
            8.72,
            8.42,
            8.64,
            8.46,
            8.68,
            8.46,
            8.09,
            8.49,
            8.48,
            8.0,
            8.46,
            8.49,
            8.72,
            8.64,
            8.44,
            8.2,
            8.42,
            8.3,
            8.82,
            8.39,
            8.65,
            8.55,
            8.63,
            7.76,
            8.3,
            8.69,
            8.61,
            8.98,
            8.49,
            8.34,
            8.21,
            8.53,
            8.0,
            8.53,
            8.39,
            8.51,
            8.66,
            8.89,
            8.3,
            8.04,
            8.47,
            8.77,
            8.37,
            8.08,
            8.57,
            8.8,
            8.45,
            8.46,
            8.37,
            8.27,
            8.82,
            8.88,
            9.0,
            8.51,
            8.71,
            8.45,
            8.19,
            8.58,
            8.82
        ],
        "%wins": [
            1.0,
            1.0,
            1.0,
            1.0,
            1.0,
            1.0,
            1.0,
            1.0,
            1.0,
            1.0,
            1.0,
            1.0,
            1.0,
            1.0,
            1.0,
            1.0,
            1.0,
            1.0,
            1.0,
            1.0,
            1.0,
            1.0,
            1.0,
            1.0,
            1.0,
            1.0,
            1.0,
            1.0,
            1.0,
            1.0,
            1.0,
            1.0,
            1.0,
            1.0,
            1.0,
            1.0,
            1.0,
            1.0,
            1.0,
            1.0,
            1.0,
            1.0,
            1.0,
            1.0,
            1.0,
            1.0,
            1.0,
            1.0,
            1.0,
            1.0,
            1.0,
            1.0,
            1.0,
            1.0,
            1.0,
            1.0,
            1.0,
            1.0,
            1.0,
            1.0,
            1.0,
            1.0,
            1.0,
            1.0,
            1.0,
            1.0,
            1.0,
            1.0,
            1.0,
            1.0,
            1.0,
            1.0,
            1.0,
            1.0,
            1.0,
            1.0,
            1.0,
            1.0,
            1.0,
            1.0,
            1.0,
            1.0,
            1.0,
            1.0,
            1.0,
            1.0,
            1.0,
            1.0,
            1.0,
            1.0,
            1.0,
            1.0,
            1.0,
            1.0,
            1.0,
            1.0,
            1.0,
            1.0,
            1.0,
            1.0
        ]
    },
    {
        "average": [
            8.31,
            8.3,
            8.3,
            8.29,
            8.34,
            8.94,
            8.58,
            8.5,
            8.26,
            8.5,
            8.4,
            8.43,
            8.17,
            7.97,
            8.48,
            8.32,
            8.31,
            8.42,
            8.86,
            8.5,
            8.22,
            8.38,
            8.47,
            8.43,
            8.43,
            8.53,
            8.85,
            8.84,
            8.85,
            8.18,
            8.85,
            8.86,
            8.61,
            8.68,
            8.27,
            8.36,
            8.52,
            8.31,
            8.69,
            8.34,
            8.46,
            8.51,
            8.4,
            8.12,
            8.55,
            8.3,
            8.61,
            8.8,
            8.48,
            8.0,
            8.08,
            8.42,
            8.45,
            8.42,
            8.57,
            8.15,
            8.25,
            8.29,
            8.2,
            8.57,
            8.74,
            8.51,
            8.27,
            8.74,
            8.21,
            8.34,
            8.55,
            8.6,
            9.27,
            8.62,
            8.73,
            8.49,
            8.54,
            8.27,
            8.52,
            8.54,
            8.36,
            8.57,
            8.32,
            8.49,
            8.71,
            8.48,
            8.77,
            8.77,
            8.53,
            8.14,
            8.71,
            8.22,
            9.05,
            8.3,
            8.33,
            8.66,
            8.26,
            8.68,
            8.78,
            7.96,
            8.39,
            8.69,
            8.64,
            8.75
        ],
        "%wins": [
            1.0,
            1.0,
            1.0,
            1.0,
            1.0,
            1.0,
            1.0,
            1.0,
            1.0,
            1.0,
            1.0,
            1.0,
            1.0,
            1.0,
            1.0,
            1.0,
            1.0,
            1.0,
            1.0,
            1.0,
            1.0,
            1.0,
            1.0,
            1.0,
            1.0,
            1.0,
            1.0,
            1.0,
            1.0,
            1.0,
            1.0,
            1.0,
            1.0,
            1.0,
            1.0,
            1.0,
            1.0,
            1.0,
            1.0,
            1.0,
            1.0,
            1.0,
            1.0,
            1.0,
            1.0,
            1.0,
            1.0,
            1.0,
            1.0,
            1.0,
            1.0,
            1.0,
            1.0,
            1.0,
            1.0,
            1.0,
            1.0,
            1.0,
            1.0,
            1.0,
            1.0,
            1.0,
            1.0,
            1.0,
            1.0,
            1.0,
            1.0,
            1.0,
            1.0,
            1.0,
            1.0,
            1.0,
            1.0,
            1.0,
            1.0,
            1.0,
            1.0,
            1.0,
            1.0,
            1.0,
            1.0,
            1.0,
            1.0,
            1.0,
            1.0,
            1.0,
            1.0,
            1.0,
            1.0,
            1.0,
            1.0,
            1.0,
            1.0,
            1.0,
            1.0,
            1.0,
            1.0,
            1.0,
            1.0,
            1.0
        ]
    },
    {
        "average": [
            8.44,
            8.12,
            8.87,
            8.4,
            8.73,
            8.45,
            8.64,
            8.33,
            8.42,
            8.56,
            8.03,
            8.6,
            8.02,
            8.39,
            8.81,
            8.5,
            8.47,
            8.82,
            8.72,
            8.82,
            8.9,
            8.32,
            8.06,
            8.25,
            8.02,
            8.3,
            8.56,
            8.14,
            8.92,
            8.23,
            8.12,
            8.42,
            8.48,
            8.87,
            8.43,
            8.66,
            8.29,
            8.41,
            8.54,
            8.2,
            8.32,
            8.46,
            8.45,
            8.43,
            8.36,
            8.71,
            8.68,
            8.19,
            8.6,
            8.7,
            8.35,
            8.8,
            8.56,
            8.37,
            8.5,
            8.87,
            8.63,
            8.57,
            8.61,
            8.22,
            9.1,
            8.32,
            8.04,
            8.76,
            8.37,
            8.11,
            8.1,
            8.74,
            8.57,
            9.0,
            8.72,
            8.58,
            8.27,
            8.16,
            8.55,
            8.29,
            8.51,
            8.37,
            8.68,
            8.4,
            8.66,
            8.31,
            8.18,
            8.25,
            8.16,
            8.56,
            8.14,
            8.48,
            8.56,
            8.54,
            8.81,
            8.73,
            7.99,
            8.26,
            8.52,
            8.65,
            8.71,
            8.8,
            8.43,
            8.47
        ],
        "%wins": [
            1.0,
            1.0,
            1.0,
            1.0,
            1.0,
            1.0,
            1.0,
            1.0,
            1.0,
            1.0,
            1.0,
            1.0,
            1.0,
            1.0,
            1.0,
            1.0,
            1.0,
            1.0,
            1.0,
            1.0,
            1.0,
            1.0,
            1.0,
            1.0,
            1.0,
            1.0,
            1.0,
            1.0,
            1.0,
            1.0,
            1.0,
            1.0,
            1.0,
            1.0,
            1.0,
            1.0,
            1.0,
            1.0,
            1.0,
            1.0,
            1.0,
            1.0,
            1.0,
            1.0,
            1.0,
            1.0,
            1.0,
            1.0,
            1.0,
            1.0,
            1.0,
            1.0,
            1.0,
            1.0,
            1.0,
            1.0,
            1.0,
            1.0,
            1.0,
            1.0,
            1.0,
            1.0,
            1.0,
            1.0,
            1.0,
            1.0,
            1.0,
            1.0,
            1.0,
            1.0,
            1.0,
            1.0,
            1.0,
            1.0,
            1.0,
            1.0,
            1.0,
            1.0,
            1.0,
            1.0,
            1.0,
            1.0,
            1.0,
            1.0,
            1.0,
            1.0,
            1.0,
            1.0,
            1.0,
            1.0,
            1.0,
            1.0,
            1.0,
            1.0,
            1.0,
            1.0,
            1.0,
            1.0,
            1.0,
            1.0
        ]
    },
    {
        "average": [
            8.01,
            9.27,
            8.55,
            8.35,
            8.64,
            8.79,
            8.66,
            8.36,
            8.63,
            8.12,
            8.72,
            8.51,
            8.14,
            8.43,
            8.5,
            8.58,
            8.49,
            8.17,
            8.29,
            8.52,
            8.89,
            8.75,
            8.08,
            8.25,
            8.14,
            8.31,
            8.59,
            8.97,
            8.84,
            8.65,
            9.0,
            8.3,
            8.64,
            9.01,
            8.65,
            8.92,
            8.2,
            8.71,
            8.35,
            8.17,
            8.27,
            8.72,
            8.42,
            8.64,
            8.46,
            8.68,
            8.46,
            8.09,
            8.49,
            8.48,
            8.0,
            8.46,
            8.49,
            8.72,
            8.64,
            8.44,
            8.2,
            8.42,
            8.3,
            8.82,
            8.39,
            8.65,
            8.55,
            8.63,
            7.76,
            8.3,
            8.69,
            8.61,
            8.98,
            8.49,
            8.34,
            8.21,
            8.53,
            8.0,
            8.53,
            8.39,
            8.51,
            8.66,
            8.89,
            8.3,
            8.04,
            8.47,
            8.77,
            8.37,
            8.08,
            8.57,
            8.8,
            8.45,
            8.46,
            8.37,
            8.27,
            8.82,
            8.88,
            9.0,
            8.51,
            8.71,
            8.45,
            8.19,
            8.58,
            8.82
        ],
        "%wins": [
            1.0,
            1.0,
            1.0,
            1.0,
            1.0,
            1.0,
            1.0,
            1.0,
            1.0,
            1.0,
            1.0,
            1.0,
            1.0,
            1.0,
            1.0,
            1.0,
            1.0,
            1.0,
            1.0,
            1.0,
            1.0,
            1.0,
            1.0,
            1.0,
            1.0,
            1.0,
            1.0,
            1.0,
            1.0,
            1.0,
            1.0,
            1.0,
            1.0,
            1.0,
            1.0,
            1.0,
            1.0,
            1.0,
            1.0,
            1.0,
            1.0,
            1.0,
            1.0,
            1.0,
            1.0,
            1.0,
            1.0,
            1.0,
            1.0,
            1.0,
            1.0,
            1.0,
            1.0,
            1.0,
            1.0,
            1.0,
            1.0,
            1.0,
            1.0,
            1.0,
            1.0,
            1.0,
            1.0,
            1.0,
            1.0,
            1.0,
            1.0,
            1.0,
            1.0,
            1.0,
            1.0,
            1.0,
            1.0,
            1.0,
            1.0,
            1.0,
            1.0,
            1.0,
            1.0,
            1.0,
            1.0,
            1.0,
            1.0,
            1.0,
            1.0,
            1.0,
            1.0,
            1.0,
            1.0,
            1.0,
            1.0,
            1.0,
            1.0,
            1.0,
            1.0,
            1.0,
            1.0,
            1.0,
            1.0,
            1.0
        ]
    },
    {
        "average": [
            8.31,
            8.3,
            8.3,
            8.29,
            8.34,
            8.94,
            8.58,
            8.5,
            8.26,
            8.5,
            8.4,
            8.43,
            8.17,
            7.97,
            8.48,
            8.32,
            8.31,
            8.42,
            8.86,
            8.5,
            8.22,
            8.38,
            8.47,
            8.43,
            8.43,
            8.53,
            8.85,
            8.84,
            8.85,
            8.18,
            8.85,
            8.86,
            8.61,
            8.68,
            8.27,
            8.36,
            8.52,
            8.31,
            8.69,
            8.34,
            8.46,
            8.51,
            8.4,
            8.12,
            8.55,
            8.3,
            8.61,
            8.8,
            8.48,
            8.0,
            8.08,
            8.42,
            8.45,
            8.42,
            8.57,
            8.15,
            8.25,
            8.29,
            8.2,
            8.57,
            8.74,
            8.51,
            8.27,
            8.74,
            8.21,
            8.34,
            8.55,
            8.6,
            9.27,
            8.62,
            8.73,
            8.49,
            8.54,
            8.27,
            8.52,
            8.54,
            8.36,
            8.57,
            8.32,
            8.49,
            8.71,
            8.48,
            8.77,
            8.77,
            8.53,
            8.14,
            8.71,
            8.22,
            9.05,
            8.3,
            8.33,
            8.66,
            8.26,
            8.68,
            8.78,
            7.96,
            8.39,
            8.69,
            8.64,
            8.75
        ],
        "%wins": [
            1.0,
            1.0,
            1.0,
            1.0,
            1.0,
            1.0,
            1.0,
            1.0,
            1.0,
            1.0,
            1.0,
            1.0,
            1.0,
            1.0,
            1.0,
            1.0,
            1.0,
            1.0,
            1.0,
            1.0,
            1.0,
            1.0,
            1.0,
            1.0,
            1.0,
            1.0,
            1.0,
            1.0,
            1.0,
            1.0,
            1.0,
            1.0,
            1.0,
            1.0,
            1.0,
            1.0,
            1.0,
            1.0,
            1.0,
            1.0,
            1.0,
            1.0,
            1.0,
            1.0,
            1.0,
            1.0,
            1.0,
            1.0,
            1.0,
            1.0,
            1.0,
            1.0,
            1.0,
            1.0,
            1.0,
            1.0,
            1.0,
            1.0,
            1.0,
            1.0,
            1.0,
            1.0,
            1.0,
            1.0,
            1.0,
            1.0,
            1.0,
            1.0,
            1.0,
            1.0,
            1.0,
            1.0,
            1.0,
            1.0,
            1.0,
            1.0,
            1.0,
            1.0,
            1.0,
            1.0,
            1.0,
            1.0,
            1.0,
            1.0,
            1.0,
            1.0,
            1.0,
            1.0,
            1.0,
            1.0,
            1.0,
            1.0,
            1.0,
            1.0,
            1.0,
            1.0,
            1.0,
            1.0,
            1.0,
            1.0
        ]
    },
    {
        "average": [
            8.26,
            8.26,
            8.02,
            8.34,
            8.58,
            8.22,
            8.31,
            8.37,
            8.08,
            8.53,
            8.86,
            8.38,
            8.47,
            8.49,
            8.38,
            8.06,
            8.69,
            8.22,
            8.69,
            8.79,
            8.54,
            8.52,
            8.76,
            8.3,
            8.55,
            8.5,
            8.59,
            8.53,
            8.43,
            8.57,
            8.6,
            8.37,
            8.83,
            8.87,
            8.44,
            8.49,
            8.27,
            8.62,
            8.75,
            8.65,
            8.54,
            8.47,
            7.93,
            8.59,
            8.3,
            8.54,
            8.91,
            8.57,
            8.54,
            8.43,
            8.51,
            8.49,
            8.3,
            8.55,
            8.65,
            8.56,
            8.61,
            8.83,
            8.33,
            8.78,
            8.31,
            8.42,
            8.41,
            8.49,
            8.46,
            8.37,
            8.34,
            8.81,
            8.58,
            8.31,
            8.44,
            8.33,
            8.23,
            8.43,
            8.16,
            8.48,
            8.6,
            8.36,
            8.66,
            8.74,
            8.19,
            8.4,
            8.37,
            8.11,
            8.38,
            8.74,
            8.54,
            8.12,
            8.26,
            8.18,
            8.36,
            8.49,
            7.99,
            8.92,
            8.72,
            8.67,
            7.94,
            8.31,
            8.84,
            7.93
        ],
        "%wins": [
            1.0,
            1.0,
            1.0,
            1.0,
            1.0,
            1.0,
            1.0,
            1.0,
            1.0,
            1.0,
            1.0,
            1.0,
            1.0,
            1.0,
            1.0,
            1.0,
            1.0,
            1.0,
            1.0,
            1.0,
            1.0,
            1.0,
            1.0,
            1.0,
            1.0,
            1.0,
            1.0,
            1.0,
            1.0,
            1.0,
            1.0,
            1.0,
            1.0,
            1.0,
            1.0,
            1.0,
            1.0,
            1.0,
            1.0,
            1.0,
            1.0,
            1.0,
            1.0,
            1.0,
            1.0,
            1.0,
            1.0,
            1.0,
            1.0,
            1.0,
            1.0,
            1.0,
            1.0,
            1.0,
            1.0,
            1.0,
            1.0,
            1.0,
            1.0,
            1.0,
            1.0,
            1.0,
            1.0,
            1.0,
            1.0,
            1.0,
            1.0,
            1.0,
            1.0,
            1.0,
            1.0,
            1.0,
            1.0,
            1.0,
            1.0,
            1.0,
            1.0,
            1.0,
            1.0,
            1.0,
            1.0,
            1.0,
            1.0,
            1.0,
            1.0,
            1.0,
            1.0,
            1.0,
            1.0,
            1.0,
            1.0,
            1.0,
            1.0,
            1.0,
            1.0,
            1.0,
            1.0,
            1.0,
            1.0,
            1.0
        ]
    },
    {
        "average": [
            8.88,
            8.72,
            8.46,
            8.39,
            8.5,
            9.12,
            8.94,
            8.69,
            8.32,
            8.39,
            8.55,
            8.58,
            8.49,
            8.47,
            8.78,
            8.33,
            8.39,
            8.4,
            8.97,
            8.25,
            8.5,
            8.6,
            8.83,
            8.58,
            8.25,
            8.73,
            8.39,
            8.05,
            7.8,
            8.45,
            8.28,
            8.67,
            8.33,
            8.27,
            8.44,
            8.95,
            8.49,
            8.04,
            8.86,
            8.11,
            8.44,
            8.39,
            8.57,
            8.31,
            8.57,
            8.56,
            8.41,
            8.63,
            8.1,
            8.57,
            8.26,
            8.37,
            8.64,
            8.32,
            8.49,
            8.75,
            8.46,
            8.51,
            8.55,
            8.39,
            8.39,
            8.12,
            8.21,
            8.44,
            8.99,
            8.29,
            8.55,
            8.46,
            8.38,
            8.29,
            8.17,
            8.21,
            8.5,
            8.36,
            8.43,
            8.78,
            8.55,
            8.66,
            8.34,
            8.63,
            8.65,
            8.4,
            8.29,
            8.29,
            8.11,
            8.16,
            8.39,
            8.82,
            8.8,
            8.15,
            8.23,
            8.44,
            8.29,
            8.66,
            8.27,
            8.28,
            8.36,
            8.78,
            8.37,
            8.51
        ],
        "%wins": [
            1.0,
            1.0,
            1.0,
            1.0,
            1.0,
            1.0,
            1.0,
            1.0,
            1.0,
            1.0,
            1.0,
            1.0,
            1.0,
            1.0,
            1.0,
            1.0,
            1.0,
            1.0,
            1.0,
            1.0,
            1.0,
            1.0,
            1.0,
            1.0,
            1.0,
            1.0,
            1.0,
            1.0,
            1.0,
            1.0,
            1.0,
            1.0,
            1.0,
            1.0,
            1.0,
            1.0,
            1.0,
            1.0,
            1.0,
            1.0,
            1.0,
            1.0,
            1.0,
            1.0,
            1.0,
            1.0,
            1.0,
            1.0,
            1.0,
            1.0,
            1.0,
            1.0,
            1.0,
            1.0,
            1.0,
            1.0,
            1.0,
            1.0,
            1.0,
            1.0,
            1.0,
            1.0,
            1.0,
            1.0,
            1.0,
            1.0,
            1.0,
            1.0,
            1.0,
            1.0,
            1.0,
            1.0,
            1.0,
            1.0,
            1.0,
            1.0,
            1.0,
            1.0,
            1.0,
            1.0,
            1.0,
            1.0,
            1.0,
            1.0,
            1.0,
            1.0,
            1.0,
            1.0,
            1.0,
            1.0,
            1.0,
            1.0,
            1.0,
            1.0,
            1.0,
            1.0,
            1.0,
            1.0,
            1.0,
            1.0
        ]
    },
    {
        "average": [
            8.62,
            8.06,
            8.59,
            8.48,
            8.71,
            8.32,
            8.24,
            8.29,
            8.43,
            8.32,
            8.94,
            8.51,
            8.25,
            8.51,
            8.69,
            8.64,
            8.06,
            8.55,
            8.05,
            8.13,
            8.45,
            8.78,
            8.79,
            8.31,
            8.89,
            8.18,
            8.65,
            8.4,
            8.38,
            8.72,
            8.3,
            8.75,
            8.28,
            8.29,
            8.49,
            8.47,
            8.36,
            8.57,
            8.21,
            8.35,
            8.08,
            8.68,
            8.29,
            8.18,
            8.5,
            8.74,
            8.63,
            8.82,
            8.37,
            8.35,
            8.46,
            8.74,
            8.42,
            8.44,
            8.77,
            8.34,
            8.64,
            8.65,
            8.39,
            8.85,
            8.71,
            8.02,
            8.73,
            8.83,
            8.21,
            8.91,
            8.12,
            8.58,
            8.41,
            8.69,
            8.62,
            8.39,
            8.4,
            8.76,
            8.3,
            8.63,
            8.15,
            8.27,
            8.6,
            8.52,
            8.4,
            8.61,
            8.83,
            8.77,
            8.39,
            8.34,
            8.46,
            8.57,
            8.67,
            8.36,
            8.19,
            8.23,
            8.46,
            8.21,
            8.33,
            8.41,
            8.27,
            8.85,
            8.31,
            8.69
        ],
        "%wins": [
            1.0,
            1.0,
            1.0,
            1.0,
            1.0,
            1.0,
            1.0,
            1.0,
            1.0,
            1.0,
            1.0,
            1.0,
            1.0,
            1.0,
            1.0,
            1.0,
            1.0,
            1.0,
            1.0,
            1.0,
            1.0,
            1.0,
            1.0,
            1.0,
            1.0,
            1.0,
            1.0,
            1.0,
            1.0,
            1.0,
            1.0,
            1.0,
            1.0,
            1.0,
            1.0,
            1.0,
            1.0,
            1.0,
            1.0,
            1.0,
            1.0,
            1.0,
            1.0,
            1.0,
            1.0,
            1.0,
            1.0,
            1.0,
            1.0,
            1.0,
            1.0,
            1.0,
            1.0,
            1.0,
            1.0,
            1.0,
            1.0,
            1.0,
            1.0,
            1.0,
            1.0,
            1.0,
            1.0,
            1.0,
            1.0,
            1.0,
            1.0,
            1.0,
            1.0,
            1.0,
            1.0,
            1.0,
            1.0,
            1.0,
            1.0,
            1.0,
            1.0,
            1.0,
            1.0,
            1.0,
            1.0,
            1.0,
            1.0,
            1.0,
            1.0,
            1.0,
            1.0,
            1.0,
            1.0,
            1.0,
            1.0,
            1.0,
            1.0,
            1.0,
            1.0,
            1.0,
            1.0,
            1.0,
            1.0,
            1.0
        ]
    },
    {
        "average": [
            8.26,
            8.26,
            8.02,
            8.34,
            8.58,
            8.22,
            8.31,
            8.37,
            8.08,
            8.53,
            8.86,
            8.38,
            8.47,
            8.49,
            8.38,
            8.06,
            8.69,
            8.22,
            8.69,
            8.79,
            8.54,
            8.52,
            8.76,
            8.3,
            8.55,
            8.5,
            8.59,
            8.53,
            8.43,
            8.57,
            8.6,
            8.37,
            8.83,
            8.87,
            8.44,
            8.49,
            8.27,
            8.62,
            8.75,
            8.65,
            8.54,
            8.47,
            7.93,
            8.59,
            8.3,
            8.54,
            8.91,
            8.57,
            8.54,
            8.43,
            8.51,
            8.49,
            8.3,
            8.55,
            8.65,
            8.56,
            8.61,
            8.83,
            8.33,
            8.78,
            8.31,
            8.42,
            8.41,
            8.49,
            8.46,
            8.37,
            8.34,
            8.81,
            8.58,
            8.31,
            8.44,
            8.33,
            8.23,
            8.43,
            8.16,
            8.48,
            8.6,
            8.36,
            8.66,
            8.74,
            8.19,
            8.4,
            8.37,
            8.11,
            8.38,
            8.74,
            8.54,
            8.12,
            8.26,
            8.18,
            8.36,
            8.49,
            7.99,
            8.92,
            8.72,
            8.67,
            7.94,
            8.31,
            8.84,
            7.93
        ],
        "%wins": [
            1.0,
            1.0,
            1.0,
            1.0,
            1.0,
            1.0,
            1.0,
            1.0,
            1.0,
            1.0,
            1.0,
            1.0,
            1.0,
            1.0,
            1.0,
            1.0,
            1.0,
            1.0,
            1.0,
            1.0,
            1.0,
            1.0,
            1.0,
            1.0,
            1.0,
            1.0,
            1.0,
            1.0,
            1.0,
            1.0,
            1.0,
            1.0,
            1.0,
            1.0,
            1.0,
            1.0,
            1.0,
            1.0,
            1.0,
            1.0,
            1.0,
            1.0,
            1.0,
            1.0,
            1.0,
            1.0,
            1.0,
            1.0,
            1.0,
            1.0,
            1.0,
            1.0,
            1.0,
            1.0,
            1.0,
            1.0,
            1.0,
            1.0,
            1.0,
            1.0,
            1.0,
            1.0,
            1.0,
            1.0,
            1.0,
            1.0,
            1.0,
            1.0,
            1.0,
            1.0,
            1.0,
            1.0,
            1.0,
            1.0,
            1.0,
            1.0,
            1.0,
            1.0,
            1.0,
            1.0,
            1.0,
            1.0,
            1.0,
            1.0,
            1.0,
            1.0,
            1.0,
            1.0,
            1.0,
            1.0,
            1.0,
            1.0,
            1.0,
            1.0,
            1.0,
            1.0,
            1.0,
            1.0,
            1.0,
            1.0
        ]
    },
    {
        "average": [
            8.88,
            8.72,
            8.46,
            8.39,
            8.5,
            9.12,
            8.94,
            8.69,
            8.32,
            8.39,
            8.55,
            8.58,
            8.49,
            8.47,
            8.78,
            8.33,
            8.39,
            8.4,
            8.97,
            8.25,
            8.5,
            8.6,
            8.83,
            8.58,
            8.25,
            8.73,
            8.39,
            8.05,
            7.8,
            8.45,
            8.28,
            8.67,
            8.33,
            8.27,
            8.44,
            8.95,
            8.49,
            8.04,
            8.86,
            8.11,
            8.44,
            8.39,
            8.57,
            8.31,
            8.57,
            8.56,
            8.41,
            8.63,
            8.1,
            8.57,
            8.26,
            8.37,
            8.64,
            8.32,
            8.49,
            8.75,
            8.46,
            8.51,
            8.55,
            8.39,
            8.39,
            8.12,
            8.21,
            8.44,
            8.99,
            8.29,
            8.55,
            8.46,
            8.38,
            8.29,
            8.17,
            8.21,
            8.5,
            8.36,
            8.43,
            8.78,
            8.55,
            8.66,
            8.34,
            8.63,
            8.65,
            8.4,
            8.29,
            8.29,
            8.11,
            8.16,
            8.39,
            8.82,
            8.8,
            8.15,
            8.23,
            8.44,
            8.29,
            8.66,
            8.27,
            8.28,
            8.36,
            8.78,
            8.37,
            8.51
        ],
        "%wins": [
            1.0,
            1.0,
            1.0,
            1.0,
            1.0,
            1.0,
            1.0,
            1.0,
            1.0,
            1.0,
            1.0,
            1.0,
            1.0,
            1.0,
            1.0,
            1.0,
            1.0,
            1.0,
            1.0,
            1.0,
            1.0,
            1.0,
            1.0,
            1.0,
            1.0,
            1.0,
            1.0,
            1.0,
            1.0,
            1.0,
            1.0,
            1.0,
            1.0,
            1.0,
            1.0,
            1.0,
            1.0,
            1.0,
            1.0,
            1.0,
            1.0,
            1.0,
            1.0,
            1.0,
            1.0,
            1.0,
            1.0,
            1.0,
            1.0,
            1.0,
            1.0,
            1.0,
            1.0,
            1.0,
            1.0,
            1.0,
            1.0,
            1.0,
            1.0,
            1.0,
            1.0,
            1.0,
            1.0,
            1.0,
            1.0,
            1.0,
            1.0,
            1.0,
            1.0,
            1.0,
            1.0,
            1.0,
            1.0,
            1.0,
            1.0,
            1.0,
            1.0,
            1.0,
            1.0,
            1.0,
            1.0,
            1.0,
            1.0,
            1.0,
            1.0,
            1.0,
            1.0,
            1.0,
            1.0,
            1.0,
            1.0,
            1.0,
            1.0,
            1.0,
            1.0,
            1.0,
            1.0,
            1.0,
            1.0,
            1.0
        ]
    }
]