[
    {
        "average": [
            -72.1,
            -63.93,
            -59.81,
            -65.68,
            -76.55,
            -63.9,
            -55.38,
            -67.94,
            -74.27,
            -61.7,
            -78.14,
            -78.13,
            -61.86,
            -80.42,
            -76.45,
            -55.54,
            -63.79,
            -71.94,
            -74.06,
            -61.44,
            -63.62,
            -42.76,
            -71.93,
            -57.31,
            -82.44,
            -89.04,
            -61.51,
            -68.16,
            -47.02,
            -57.38,
            -67.99,
            -65.7,
            -86.91,
            -59.93,
            -72.08,
            -63.89,
            -69.99,
            -74.35,
            -72.11,
            -57.22,
            -67.94,
            -68.32,
            -80.55,
            -70.18,
            -89.08,
            -74.36,
            -80.56,
            -63.5,
            -72.41,
            -67.62,
            -80.75,
            -67.76,
            -67.99,
            -59.74,
            -57.59,
            -80.5,
            -71.92,
            -69.75,
            -78.51,
            -78.3,
            -68.26,
            -61.67,
            -70.18,
            -82.56,
            -63.89,
            -80.12,
            -80.4,
            -67.83,
            -46.86,
            -82.66,
            -59.27,
            -49.13,
            -55.17,
            -59.22,
            -76.53,
            -74.4,
            -61.53,
            -73.95,
            -78.55,
            -61.5,
            -69.84,
            -88.91,
            -70.15,
            -57.61,
            -67.85,
            -46.85,
            -63.78,
            -51.12,
            -61.76,
            -57.48,
            -65.68,
            -70.26,
            -65.84,
            -46.94,
            -74.36,
            -63.78,
            -76.35,
            -80.54,
            -63.93,
            -59.55
        ],
        "%wins": [
            0.61,
            0.65,
            0.67,
            0.64,
            0.59,
            0.65,
            0.69,
            0.63,
            0.6,
            0.66,
            0.58,
            0.58,
            0.66,
            0.57,
            0.59,
            0.69,
            0.65,
            0.61,
            0.6,
            0.66,
            0.65,
            0.75,
            0.61,
            0.68,
            0.56,
            0.53,
            0.66,
            0.63,
            0.73,
            0.68,
            0.63,
            0.64,
            0.54,
            0.67,
            0.61,
            0.65,
            0.62,
            0.6,
            0.61,
            0.68,
            0.63,
            0.63,
            0.57,
            0.62,
            0.53,
            0.6,
            0.57,
            0.65,
            0.61,
            0.63,
            0.57,
            0.63,
            0.63,
            0.67,
            0.68,
            0.57,
            0.61,
            0.62,
            0.58,
            0.58,
            0.63,
            0.66,
            0.62,
            0.56,
            0.65,
            0.57,
            0.57,
            0.63,
            0.73,
            0.56,
            0.67,
            0.72,
            0.69,
            0.67,
            0.59,
            0.6,
            0.66,
            0.6,
            0.58,
            0.66,
            0.62,
            0.53,
            0.62,
            0.68,
            0.63,
            0.73,
            0.65,
            0.71,
            0.66,
            0.68,
            0.64,
            0.62,
            0.64,
            0.73,
            0.6,
            0.65,
            0.59,
            0.57,
            0.65,
            0.67
        ]
    },
    {
        "average": [
            -61.5,
            -65.85,
            -63.94,
            -53.15,
            -68.0,
            -70.06,
            -55.34,
            -68.05,
            -80.59,
            -82.7,
            -74.22,
            -51.07,
            -80.6,
            -72.18,
            -65.58,
            -59.83,
            -68.03,
            -101.51,
            -76.4,
            -80.74,
            -72.11,
            -65.93,
            -74.12,
            -83.02,
            -61.92,
            -74.05,
            -78.48,
            -55.38,
            -74.17,
            -59.54,
            -55.36,
            -51.41,
            -65.59,
            -68.01,
            -72.34,
            -71.99,
            -72.12,
            -67.75,
            -76.17,
            -80.45,
            -67.98,
            -65.97,
            -74.11,
            -68.07,
            -67.92,
            -55.19,
            -78.38,
            -63.94,
            -69.9,
            -61.71,
            -72.19,
            -55.19,
            -70.15,
            -52.76,
            -82.46,
            -68.3,
            -74.25,
            -61.77,
            -72.04,
            -69.96,
            -69.98,
            -66.14,
            -68.08,
            -67.89,
            -61.48,
            -82.64,
            -73.93,
            -70.01,
            -59.91,
            -51.41,
            -66.02,
            -70.21,
            -80.59,
            -69.83,
            -72.02,
            -57.51,
            -72.22,
            -59.48,
            -57.44,
            -70.0,
            -59.72,
            -72.19,
            -76.13,
            -57.53,
            -70.3,
            -63.64,
            -65.76,
            -76.44,
            -87.03,
            -65.8,
            -68.05,
            -86.83,
            -68.02,
            -72.17,
            -67.82,
            -74.54,
            -61.47,
            -61.71,
            -89.2,
            -57.29
        ],
        "%wins": [
            0.66,
            0.64,
            0.65,
            0.7,
            0.63,
            0.62,
            0.69,
            0.63,
            0.57,
            0.56,
            0.6,
            0.71,
            0.57,
            0.61,
            0.64,
            0.67,
            0.63,
            0.47,
            0.59,
            0.57,
            0.61,
            0.64,
            0.6,
            0.56,
            0.66,
            0.6,
            0.58,
            0.69,
            0.6,
            0.67,
            0.69,
            0.71,
            0.64,
            0.63,
            0.61,
            0.61,
            0.61,
            0.63,
            0.59,
            0.57,
            0.63,
            0.64,
            0.6,
            0.63,
            0.63,
            0.69,
            0.58,
            0.65,
            0.62,
            0.66,
            0.61,
            0.69,
            0.62,
            0.7,
            0.56,
            0.63,
            0.6,
            0.66,
            0.61,
            0.62,
            0.62,
            0.64,
            0.63,
            0.63,
            0.66,
            0.56,
            0.6,
            0.62,
            0.67,
            0.71,
            0.64,
            0.62,
            0.57,
            0.62,
            0.61,
            0.68,
            0.61,
            0.67,
            0.68,
            0.62,
            0.67,
            0.61,
            0.59,
            0.68,
            0.62,
            0.65,
            0.64,
            0.59,
            0.54,
            0.64,
            0.63,
            0.54,
            0.63,
            0.61,
            0.63,
            0.6,
            0.66,
            0.66,
            0.53,
            0.68
        ]
    },
    {
        "average": [
            -63.95,
            -82.36,
            -67.85,
            -80.57,
            -69.99,
            -66.05,
            -65.96,
            -74.24,
            -65.85,
            -65.88,
            -76.27,
            -66.14,
            -76.38,
            -53.3,
            -51.14,
            -63.86,
            -76.45,
            -69.89,
            -67.76,
            -63.34,
            -78.1,
            -69.91,
            -90.79,
            -78.51,
            -76.06,
            -80.58,
            -72.08,
            -67.65,
            -78.4,
            -61.74,
            -67.99,
            -67.92,
            -80.69,
            -72.21,
            -67.89,
            -63.57,
            -82.58,
            -53.15,
            -63.77,
            -74.13,
            -57.43,
            -74.25,
            -52.99,
            -68.17,
            -63.88,
            -65.75,
            -70.01,
            -78.33,
            -65.88,
            -88.84,
            -80.56,
            -76.55,
            -61.63,
            -63.62,
            -67.93,
            -63.56,
            -53.09,
            -57.29,
            -72.07,
            -76.13,
            -55.38,
            -63.55,
            -74.35,
            -78.6,
            -65.81,
            -57.8,
            -69.67,
            -59.41,
            -57.55,
            -78.69,
            -80.68,
            -76.17,
            -55.5,
            -78.36,
            -78.35,
            -67.85,
            -74.27,
            -65.81,
            -63.79,
            -78.49,
            -51.41,
            -80.39,
            -51.27,
            -57.42,
            -59.4,
            -74.27,
            -73.9,
            -68.27,
            -59.19,
            -88.63,
            -72.3,
            -78.75,
            -68.0,
            -76.49,
            -57.36,
            -51.2,
            -59.27,
            -63.79,
            -74.25,
            -82.94
        ],
        "%wins": [
            0.65,
            0.56,
            0.63,
            0.57,
            0.62,
            0.64,
            0.64,
            0.6,
            0.64,
            0.64,
            0.59,
            0.64,
            0.59,
            0.7,
            0.71,
            0.65,
            0.59,
            0.62,
            0.63,
            0.65,
            0.58,
            0.62,
            0.52,
            0.58,
            0.59,
            0.57,
            0.61,
            0.63,
            0.58,
            0.66,
            0.63,
            0.63,
            0.57,
            0.61,
            0.63,
            0.65,
            0.56,
            0.7,
            0.65,
            0.6,
            0.68,
            0.6,
            0.7,
            0.63,
            0.65,
            0.64,
            0.62,
            0.58,
            0.64,
            0.53,
            0.57,
            0.59,
            0.66,
            0.65,
            0.63,
            0.65,
            0.7,
            0.68,
            0.61,
            0.59,
            0.69,
            0.65,
            0.6,
            0.58,
            0.64,
            0.68,
            0.62,
            0.67,
            0.68,
            0.58,
            0.57,
            0.59,
            0.69,
            0.58,
            0.58,
            0.63,
            0.6,
            0.64,
            0.65,
            0.58,
            0.71,
            0.57,
            0.71,
            0.68,
            0.67,
            0.6,
            0.6,
            0.63,
            0.67,
            0.53,
            0.61,
            0.58,
            0.63,
            0.59,
            0.68,
            0.71,
            0.67,
            0.65,
            0.6,
            0.56
        ]
    },
    {
        "average": [
            -72.1,
            -63.93,
            -59.81,
            -65.68,
            -76.55,
            -63.9,
            -55.38,
            -67.94,
            -74.27,
            -61.7,
            -78.14,
            -78.13,
            -61.86,
            -80.42,
            -76.45,
            -55.54,
            -63.79,
            -71.94,
            -74.06,
            -61.44,
            -63.62,
            -42.76,
            -71.93,
            -57.31,
            -82.44,
            -89.04,
            -61.51,
            -68.16,
            -47.02,
            -57.38,
            -67.99,
            -65.7,
            -86.91,
            -59.93,
            -72.08,
            -63.89,
            -69.99,
            -74.35,
            -72.11,
            -57.22,
            -67.94,
            -68.32,
            -80.55,
            -70.18,
            -89.08,
            -74.36,
            -80.56,
            -63.5,
            -72.41,
            -67.62,
            -80.75,
            -67.76,
            -67.99,
            -59.74,
            -57.59,
            -80.5,
            -71.92,
            -69.75,
            -78.51,
            -78.3,
            -68.26,
            -61.67,
            -70.18,
            -82.56,
            -63.89,
            -80.12,
            -80.4,
            -67.83,
            -46.86,
            -82.66,
            -59.27,
            -49.13,
            -55.17,
            -59.22,
            -76.53,
            -74.4,
            -61.53,
            -73.95,
            -78.55,
            -61.5,
            -69.84,
            -88.91,
            -70.15,
            -57.61,
            -67.85,
            -46.85,
            -63.78,
            -51.12,
            -61.76,
            -57.48,
            -65.68,
            -70.26,
            -65.84,
            -46.94,
            -74.36,
            -63.78,
            -76.35,
            -80.54,
            -63.93,
            -59.55
        ],
        "%wins": [
            0.61,
            0.65,
            0.67,
            0.64,
            0.59,
            0.65,
            0.69,
            0.63,
            0.6,
            0.66,
            0.58,
            0.58,
            0.66,
            0.57,
            0.59,
            0.69,
            0.65,
            0.61,
            0.6,
            0.66,
            0.65,
            0.75,
            0.61,
            0.68,
            0.56,
            0.53,
            0.66,
            0.63,
            0.73,
            0.68,
            0.63,
            0.64,
            0.54,
            0.67,
            0.61,
            0.65,
            0.62,
            0.6,
            0.61,
            0.68,
            0.63,
            0.63,
            0.57,
            0.62,
            0.53,
            0.6,
            0.57,
            0.65,
            0.61,
            0.63,
            0.57,
            0.63,
            0.63,
            0.67,
            0.68,
            0.57,
            0.61,
            0.62,
            0.58,
            0.58,
            0.63,
            0.66,
            0.62,
            0.56,
            0.65,
            0.57,
            0.57,
            0.63,
            0.73,
            0.56,
            0.67,
            0.72,
            0.69,
            0.67,
            0.59,
            0.6,
            0.66,
            0.6,
            0.58,
            0.66,
            0.62,
            0.53,
            0.62,
            0.68,
            0.63,
            0.73,
            0.65,
            0.71,
            0.66,
            0.68,
            0.64,
            0.62,
            0.64,
            0.73,
            0.6,
            0.65,
            0.59,
            0.57,
            0.65,
            0.67
        ]
    },
    {
        "average": [
            -61.5,
            -65.85,
            -63.94,
            -53.15,
            -68.0,
            -70.06,
            -55.34,
            -68.05,
            -80.59,
            -82.7,
            -74.22,
            -51.07,
            -80.6,
            -72.18,
            -65.58,
            -59.83,
            -68.03,
            -101.51,
            -76.4,
            -80.74,
            -72.11,
            -65.93,
            -74.12,
            -83.02,
            -61.92,
            -74.05,
            -78.48,
            -55.38,
            -74.17,
            -59.54,
            -55.36,
            -51.41,
            -65.59,
            -68.01,
            -72.34,
            -71.99,
            -72.12,
            -67.75,
            -76.17,
            -80.45,
            -67.98,
            -65.97,
            -74.11,
            -68.07,
            -67.92,
            -55.19,
            -78.38,
            -63.94,
            -69.9,
            -61.71,
            -72.19,
            -55.19,
            -70.15,
            -52.76,
            -82.46,
            -68.3,
            -74.25,
            -61.77,
            -72.04,
            -69.96,
            -69.98,
            -66.14,
            -68.08,
            -67.89,
            -61.48,
            -82.64,
            -73.93,
            -70.01,
            -59.91,
            -51.41,
            -66.02,
            -70.21,
            -80.59,
            -69.83,
            -72.02,
            -57.51,
            -72.22,
            -59.48,
            -57.44,
            -70.0,
            -59.72,
            -72.19,
            -76.13,
            -57.53,
            -70.3,
            -63.64,
            -65.76,
            -76.44,
            -87.03,
            -65.8,
            -68.05,
            -86.83,
            -68.02,
            -72.17,
            -67.82,
            -74.54,
            -61.47,
            -61.71,
            -89.2,
            -57.29
        ],
        "%wins": [
            0.66,
            0.64,
            0.65,
            0.7,
            0.63,
            0.62,
            0.69,
            0.63,
            0.57,
            0.56,
            0.6,
            0.71,
            0.57,
            0.61,
            0.64,
            0.67,
            0.63,
            0.47,
            0.59,
            0.57,
            0.61,
            0.64,
            0.6,
            0.56,
            0.66,
            0.6,
            0.58,
            0.69,
            0.6,
            0.67,
            0.69,
            0.71,
            0.64,
            0.63,
            0.61,
            0.61,
            0.61,
            0.63,
            0.59,
            0.57,
            0.63,
            0.64,
            0.6,
            0.63,
            0.63,
            0.69,
            0.58,
            0.65,
            0.62,
            0.66,
            0.61,
            0.69,
            0.62,
            0.7,
            0.56,
            0.63,
            0.6,
            0.66,
            0.61,
            0.62,
            0.62,
            0.64,
            0.63,
            0.63,
            0.66,
            0.56,
            0.6,
            0.62,
            0.67,
            0.71,
            0.64,
            0.62,
            0.57,
            0.62,
            0.61,
            0.68,
            0.61,
            0.67,
            0.68,
            0.62,
            0.67,
            0.61,
            0.59,
            0.68,
            0.62,
            0.65,
            0.64,
            0.59,
            0.54,
            0.64,
            0.63,
            0.54,
            0.63,
            0.61,
            0.63,
            0.6,
            0.66,
            0.66,
            0.53,
            0.68
        ]
    },
    {
        "average": [
            -63.95,
            -82.36,
            -67.85,
            -80.57,
            -69.99,
            -66.05,
            -65.96,
            -74.24,
            -65.85,
            -65.88,
            -76.27,
            -66.14,
            -76.38,
            -53.3,
            -51.14,
            -63.86,
            -76.45,
            -69.89,
            -67.76,
            -63.34,
            -78.1,
            -69.91,
            -90.79,
            -78.51,
            -76.06,
            -80.58,
            -72.08,
            -67.65,
            -78.4,
            -61.74,
            -67.99,
            -67.92,
            -80.69,
            -72.21,
            -67.89,
            -63.57,
            -82.58,
            -53.15,
            -63.77,
            -74.13,
            -57.43,
            -74.25,
            -52.99,
            -68.17,
            -63.88,
            -65.75,
            -70.01,
            -78.33,
            -65.88,
            -88.84,
            -80.56,
            -76.55,
            -61.63,
            -63.62,
            -67.93,
            -63.56,
            -53.09,
            -57.29,
            -72.07,
            -76.13,
            -55.38,
            -63.55,
            -74.35,
            -78.6,
            -65.81,
            -57.8,
            -69.67,
            -59.41,
            -57.55,
            -78.69,
            -80.68,
            -76.17,
            -55.5,
            -78.36,
            -78.35,
            -67.85,
            -74.27,
            -65.81,
            -63.79,
            -78.49,
            -51.41,
            -80.39,
            -51.27,
            -57.42,
            -59.4,
            -74.27,
            -73.9,
            -68.27,
            -59.19,
            -88.63,
            -72.3,
            -78.75,
            -68.0,
            -76.49,
            -57.36,
            -51.2,
            -59.27,
            -63.79,
            -74.25,
            -82.94
        ],
        "%wins": [
            0.65,
            0.56,
            0.63,
            0.57,
            0.62,
            0.64,
            0.64,
            0.6,
            0.64,
            0.64,
            0.59,
            0.64,
            0.59,
            0.7,
            0.71,
            0.65,
            0.59,
            0.62,
            0.63,
            0.65,
            0.58,
            0.62,
            0.52,
            0.58,
            0.59,
            0.57,
            0.61,
            0.63,
            0.58,
            0.66,
            0.63,
            0.63,
            0.57,
            0.61,
            0.63,
            0.65,
            0.56,
            0.7,
            0.65,
            0.6,
            0.68,
            0.6,
            0.7,
            0.63,
            0.65,
            0.64,
            0.62,
            0.58,
            0.64,
            0.53,
            0.57,
            0.59,
            0.66,
            0.65,
            0.63,
            0.65,
            0.7,
            0.68,
            0.61,
            0.59,
            0.69,
            0.65,
            0.6,
            0.58,
            0.64,
            0.68,
            0.62,
            0.67,
            0.68,
            0.58,
            0.57,
            0.59,
            0.69,
            0.58,
            0.58,
            0.63,
            0.6,
            0.64,
            0.65,
            0.58,
            0.71,
            0.57,
            0.71,
            0.68,
            0.67,
            0.6,
            0.6,
            0.63,
            0.67,
            0.53,
            0.61,
            0.58,
            0.63,
            0.59,
            0.68,
            0.71,
            0.67,
            0.65,
            0.6,
            0.56
        ]
    },
    {
        "average": [
            -72.1,
            -63.93,
            -59.81,
            -65.68,
            -76.55,
            -63.9,
            -55.38,
            -67.94,
            -74.27,
            -61.7,
            -78.14,
            -78.13,
            -61.86,
            -80.42,
            -76.45,
            -55.54,
            -63.79,
            -71.94,
            -74.06,
            -61.44,
            -63.62,
            -42.76,
            -71.93,
            -57.31,
            -82.44,
            -89.04,
            -61.51,
            -68.16,
            -47.02,
            -57.38,
            -67.99,
            -65.7,
            -86.91,
            -59.93,
            -72.08,
            -63.89,
            -69.99,
            -74.35,
            -72.11,
            -57.22,
            -67.94,
            -68.32,
            -80.55,
            -70.18,
            -89.08,
            -74.36,
            -80.56,
            -63.5,
            -72.41,
            -67.62,
            -80.75,
            -67.76,
            -67.99,
            -59.74,
            -57.59,
            -80.5,
            -71.92,
            -69.75,
            -78.51,
            -78.3,
            -68.26,
            -61.67,
            -70.18,
            -82.56,
            -63.89,
            -80.12,
            -80.4,
            -67.83,
            -46.86,
            -82.66,
            -59.27,
            -49.13,
            -55.17,
            -59.22,
            -76.53,
            -74.4,
            -61.53,
            -73.95,
            -78.55,
            -61.5,
            -69.84,
            -88.91,
            -70.15,
            -57.61,
            -67.85,
            -46.85,
            -63.78,
            -51.12,
            -61.76,
            -57.48,
            -65.68,
            -70.26,
            -65.84,
            -46.94,
            -74.36,
            -63.78,
            -76.35,
            -80.54,
            -63.93,
            -59.55
        ],
        "%wins": [
            0.61,
            0.65,
            0.67,
            0.64,
            0.59,
            0.65,
            0.69,
            0.63,
            0.6,
            0.66,
            0.58,
            0.58,
            0.66,
            0.57,
            0.59,
            0.69,
            0.65,
            0.61,
            0.6,
            0.66,
            0.65,
            0.75,
            0.61,
            0.68,
            0.56,
            0.53,
            0.66,
            0.63,
            0.73,
            0.68,
            0.63,
            0.64,
            0.54,
            0.67,
            0.61,
            0.65,
            0.62,
            0.6,
            0.61,
            0.68,
            0.63,
            0.63,
            0.57,
            0.62,
            0.53,
            0.6,
            0.57,
            0.65,
            0.61,
            0.63,
            0.57,
            0.63,
            0.63,
            0.67,
            0.68,
            0.57,
            0.61,
            0.62,
            0.58,
            0.58,
            0.63,
            0.66,
            0.62,
            0.56,
            0.65,
            0.57,
            0.57,
            0.63,
            0.73,
            0.56,
            0.67,
            0.72,
            0.69,
            0.67,
            0.59,
            0.6,
            0.66,
            0.6,
            0.58,
            0.66,
            0.62,
            0.53,
            0.62,
            0.68,
            0.63,
            0.73,
            0.65,
            0.71,
            0.66,
            0.68,
            0.64,
            0.62,
            0.64,
            0.73,
            0.6,
            0.65,
            0.59,
            0.57,
            0.65,
            0.67
        ]
    },
    {
        "average": [
            -61.5,
            -65.85,
            -63.94,
            -53.15,
            -68.0,
            -70.06,
            -55.34,
            -68.05,
            -80.59,
            -82.7,
            -74.22,
            -51.07,
            -80.6,
            -72.18,
            -65.58,
            -59.83,
            -68.03,
            -101.51,
            -76.4,
            -80.74,
            -72.11,
            -65.93,
            -74.12,
            -83.02,
            -61.92,
            -74.05,
            -78.48,
            -55.38,
            -74.17,
            -59.54,
            -55.36,
            -51.41,
            -65.59,
            -68.01,
            -72.34,
            -71.99,
            -72.12,
            -67.75,
            -76.17,
            -80.45,
            -67.98,
            -65.97,
            -74.11,
            -68.07,
            -67.92,
            -55.19,
            -78.38,
            -63.94,
            -69.9,
            -61.71,
            -72.19,
            -55.19,
            -70.15,
            -52.76,
            -82.46,
            -68.3,
            -74.25,
            -61.77,
            -72.04,
            -69.96,
            -69.98,
            -66.14,
            -68.08,
            -67.89,
            -61.48,
            -82.64,
            -73.93,
            -70.01,
            -59.91,
            -51.41,
            -66.02,
            -70.21,
            -80.59,
            -69.83,
            -72.02,
            -57.51,
            -72.22,
            -59.48,
            -57.44,
            -70.0,
            -59.72,
            -72.19,
            -76.13,
            -57.53,
            -70.3,
            -63.64,
            -65.76,
            -76.44,
            -87.03,
            -65.8,
            -68.05,
            -86.83,
            -68.02,
            -72.17,
            -67.82,
            -74.54,
            -61.47,
            -61.71,
            -89.2,
            -57.29
        ],
        "%wins": [
            0.66,
            0.64,
            0.65,
            0.7,
            0.63,
            0.62,
            0.69,
            0.63,
            0.57,
            0.56,
            0.6,
            0.71,
            0.57,
            0.61,
            0.64,
            0.67,
            0.63,
            0.47,
            0.59,
            0.57,
            0.61,
            0.64,
            0.6,
            0.56,
            0.66,
            0.6,
            0.58,
            0.69,
            0.6,
            0.67,
            0.69,
            0.71,
            0.64,
            0.63,
            0.61,
            0.61,
            0.61,
            0.63,
            0.59,
            0.57,
            0.63,
            0.64,
            0.6,
            0.63,
            0.63,
            0.69,
            0.58,
            0.65,
            0.62,
            0.66,
            0.61,
            0.69,
            0.62,
            0.7,
            0.56,
            0.63,
            0.6,
            0.66,
            0.61,
            0.62,
            0.62,
            0.64,
            0.63,
            0.63,
            0.66,
            0.56,
            0.6,
            0.62,
            0.67,
            0.71,
            0.64,
            0.62,
            0.57,
            0.62,
            0.61,
            0.68,
            0.61,
            0.67,
            0.68,
            0.62,
            0.67,
            0.61,
            0.59,
            0.68,
            0.62,
            0.65,
            0.64,
            0.59,
            0.54,
            0.64,
            0.63,
            0.54,
            0.63,
            0.61,
            0.63,
            0.6,
            0.66,
            0.66,
            0.53,
            0.68
        ]
    },
    {
        "average": [
            -63.95,
            -82.36,
            -67.85,
            -80.57,
            -69.99,
            -66.05,
            -65.96,
            -74.24,
            -65.85,
            -65.88,
            -76.27,
            -66.14,
            -76.38,
            -53.3,
            -51.14,
            -63.86,
            -76.45,
            -69.89,
            -67.76,
            -63.34,
            -78.1,
            -69.91,
            -90.79,
            -78.51,
            -76.06,
            -80.58,
            -72.08,
            -67.65,
            -78.4,
            -61.74,
            -67.99,
            -67.92,
            -80.69,
            -72.21,
            -67.89,
            -63.57,
            -82.58,
            -53.15,
            -63.77,
            -74.13,
            -57.43,
            -74.25,
            -52.99,
            -68.17,
            -63.88,
            -65.75,
            -70.01,
            -78.33,
            -65.88,
            -88.84,
            -80.56,
            -76.55,
            -61.63,
            -63.62,
            -67.93,
            -63.56,
            -53.09,
            -57.29,
            -72.07,
            -76.13,
            -55.38,
            -63.55,
            -74.35,
            -78.6,
            -65.81,
            -57.8,
            -69.67,
            -59.41,
            -57.55,
            -78.69,
            -80.68,
            -76.17,
            -55.5,
            -78.36,
            -78.35,
            -67.85,
            -74.27,
            -65.81,
            -63.79,
            -78.49,
            -51.41,
            -80.39,
            -51.27,
            -57.42,
            -59.4,
            -74.27,
            -73.9,
            -68.27,
            -59.19,
            -88.63,
            -72.3,
            -78.75,
            -68.0,
            -76.49,
            -57.36,
            -51.2,
            -59.27,
            -63.79,
            -74.25,
            -82.94
        ],
        "%wins": [
            0.65,
            0.56,
            0.63,
            0.57,
            0.62,
            0.64,
            0.64,
            0.6,
            0.64,
            0.64,
            0.59,
            0.64,
            0.59,
            0.7,
            0.71,
            0.65,
            0.59,
            0.62,
            0.63,
            0.65,
            0.58,
            0.62,
            0.52,
            0.58,
            0.59,
            0.57,
            0.61,
            0.63,
            0.58,
            0.66,
            0.63,
            0.63,
            0.57,
            0.61,
            0.63,
            0.65,
            0.56,
            0.7,
            0.65,
            0.6,
            0.68,
            0.6,
            0.7,
            0.63,
            0.65,
            0.64,
            0.62,
            0.58,
            0.64,
            0.53,
            0.57,
            0.59,
            0.66,
            0.65,
            0.63,
            0.65,
            0.7,
            0.68,
            0.61,
            0.59,
            0.69,
            0.65,
            0.6,
            0.58,
            0.64,
            0.68,
            0.62,
            0.67,
            0.68,
            0.58,
            0.57,
            0.59,
            0.69,
            0.58,
            0.58,
            0.63,
            0.6,
            0.64,
            0.65,
            0.58,
            0.71,
            0.57,
            0.71,
            0.68,
            0.67,
            0.6,
            0.6,
            0.63,
            0.67,
            0.53,
            0.61,
            0.58,
            0.63,
            0.59,
            0.68,
            0.71,
            0.67,
            0.65,
            0.6,
            0.56
        ]
    },
    {
        "average": [
            -72.1,
            -63.93,
            -59.81,
            -65.68,
            -76.55,
            -63.9,
            -55.38,
            -67.94,
            -74.27,
            -61.7,
            -78.14,
            -78.13,
            -61.86,
            -80.42,
            -76.45,
            -55.54,
            -63.79,
            -71.94,
            -74.06,
            -61.44,
            -63.62,
            -42.76,
            -71.93,
            -57.31,
            -82.44,
            -89.04,
            -61.51,
            -68.16,
            -47.02,
            -57.38,
            -67.99,
            -65.7,
            -86.91,
            -59.93,
            -72.08,
            -63.89,
            -69.99,
            -74.35,
            -72.11,
            -57.22,
            -67.94,
            -68.32,
            -80.55,
            -70.18,
            -89.08,
            -74.36,
            -80.56,
            -63.5,
            -72.41,
            -67.62,
            -80.75,
            -67.76,
            -67.99,
            -59.74,
            -57.59,
            -80.5,
            -71.92,
            -69.75,
            -78.51,
            -78.3,
            -68.26,
            -61.67,
            -70.18,
            -82.56,
            -63.89,
            -80.12,
            -80.4,
            -67.83,
            -46.86,
            -82.66,
            -59.27,
            -49.13,
            -55.17,
            -59.22,
            -76.53,
            -74.4,
            -61.53,
            -73.95,
            -78.55,
            -61.5,
            -69.84,
            -88.91,
            -70.15,
            -57.61,
            -67.85,
            -46.85,
            -63.78,
            -51.12,
            -61.76,
            -57.48,
            -65.68,
            -70.26,
            -65.84,
            -46.94,
            -74.36,
            -63.78,
            -76.35,
            -80.54,
            -63.93,
            -59.55
        ],
        "%wins": [
            0.61,
            0.65,
            0.67,
            0.64,
            0.59,
            0.65,
            0.69,
            0.63,
            0.6,
            0.66,
            0.58,
            0.58,
            0.66,
            0.57,
            0.59,
            0.69,
            0.65,
            0.61,
            0.6,
            0.66,
            0.65,
            0.75,
            0.61,
            0.68,
            0.56,
            0.53,
            0.66,
            0.63,
            0.73,
            0.68,
            0.63,
            0.64,
            0.54,
            0.67,
            0.61,
            0.65,
            0.62,
            0.6,
            0.61,
            0.68,
            0.63,
            0.63,
            0.57,
            0.62,
            0.53,
            0.6,
            0.57,
            0.65,
            0.61,
            0.63,
            0.57,
            0.63,
            0.63,
            0.67,
            0.68,
            0.57,
            0.61,
            0.62,
            0.58,
            0.58,
            0.63,
            0.66,
            0.62,
            0.56,
            0.65,
            0.57,
            0.57,
            0.63,
            0.73,
            0.56,
            0.67,
            0.72,
            0.69,
            0.67,
            0.59,
            0.6,
            0.66,
            0.6,
            0.58,
            0.66,
            0.62,
            0.53,
            0.62,
            0.68,
            0.63,
            0.73,
            0.65,
            0.71,
            0.66,
            0.68,
            0.64,
            0.62,
            0.64,
            0.73,
            0.6,
            0.65,
            0.59,
            0.57,
            0.65,
            0.67
        ]
    }
]