[
    {
        "average": [
            8.59,
            8.69,
            8.47,
            8.08,
            8.19,
            8.44,
            8.8,
            8.78,
            8.32,
            8.4,
            8.11,
            8.39,
            8.51,
            8.63,
            8.12,
            8.27,
            8.47,
            8.28,
            8.72,
            8.48,
            8.38,
            8.15,
            8.73,
            8.73,
            8.98,
            8.41,
            8.3,
            8.14,
            8.61,
            8.45,
            8.82,
            8.0,
            8.47,
            8.22,
            8.36,
            8.47,
            8.75,
            8.34,
            8.16,
            8.3,
            8.31,
            8.78,
            8.51,
            8.55,
            8.65,
            8.55,
            8.46,
            8.2,
            8.29,
            8.61,
            8.82,
            8.5,
            8.75,
            8.97,
            8.41,
            8.37,
            8.69,
            8.45,
            8.83,
            7.85,
            8.18,
            8.63,
            8.67,
            8.68,
            8.49,
            8.15,
            7.77,
            9.04,
            8.65,
            8.55,
            8.68,
            8.38,
            8.39,
            8.41,
            7.89,
            8.14,
            8.42,
            8.25,
            8.24,
            8.37,
            8.03,
            8.16,
            8.25,
            8.55,
            8.0,
            8.58,
            8.63,
            8.46,
            8.11,
            8.47,
            8.56,
            8.22,
            8.49,
            8.62,
            8.42,
            8.01,
            8.32,
            8.49,
            8.09,
            8.38
        ],
        "%wins": [
            1.0,
            1.0,
            1.0,
            1.0,
            1.0,
            1.0,
            1.0,
            1.0,
            1.0,
            1.0,
            1.0,
            1.0,
            1.0,
            1.0,
            1.0,
            1.0,
            1.0,
            1.0,
            1.0,
            1.0,
            1.0,
            1.0,
            1.0,
            1.0,
            1.0,
            1.0,
            1.0,
            1.0,
            1.0,
            1.0,
            1.0,
            1.0,
            1.0,
            1.0,
            1.0,
            1.0,
            1.0,
            1.0,
            1.0,
            1.0,
            1.0,
            1.0,
            1.0,
            1.0,
            1.0,
            1.0,
            1.0,
            1.0,
            1.0,
            1.0,
            1.0,
            1.0,
            1.0,
            1.0,
            1.0,
            1.0,
            1.0,
            1.0,
            1.0,
            1.0,
            1.0,
            1.0,
            1.0,
            1.0,
            1.0,
            1.0,
            1.0,
            1.0,
            1.0,
            1.0,
            1.0,
            1.0,
            1.0,
            1.0,
            1.0,
            1.0,
            1.0,
            1.0,
            1.0,
            1.0,
            1.0,
            1.0,
            1.0,
            1.0,
            1.0,
            1.0,
            1.0,
            1.0,
            1.0,
            1.0,
            1.0,
            1.0,
            1.0,
            1.0,
            1.0,
            1.0,
            1.0,
            1.0,
            1.0,
            1.0
        ]
    },
    {
        "average": [
            8.63,
            8.08,
            8.2,
            9.13,
            8.42,
            8.48,
            8.72,
            8.49,
            8.06,
            8.77,
            8.42,
            8.55,
            8.26,
            8.43,
            8.91,
            8.21,
            8.69,
            8.37,
            8.91,
            8.46,
            8.59,
            8.35,
            8.33,
            8.43,
            8.87,
            8.16,
            9.09,
            8.48,
            8.41,
            8.24,
            8.63,
            8.32,
            8.77,
            8.75,
            8.51,
            8.39,
            8.33,
            8.13,
            8.45,
            8.6,
            8.25,
            8.28,
            8.52,
            8.65,
            8.28,
            8.4,
            8.14,
            8.44,
            8.31,
            8.6,
            8.28,
            8.2,
            8.3,
            8.37,
            8.43,
            8.59,
            8.59,
            8.85,
            8.48,
            8.84,
            8.18,
            8.39,
            8.38,
            8.38,
            8.48,
            8.38,
            8.29,
            8.3,
            8.33,
            8.36,
            8.63,
            8.24,
            8.99,
            8.23,
            8.53,
            8.59,
            9.06,
            8.37,
            8.4,
            8.28,
            8.56,
            8.37,
            8.46,
            8.26,
            8.53,
            8.55,
            8.18,
            8.24,
            8.83,
            8.18,
            8.83,
            8.39,
            8.38,
            8.51,
            8.42,
            8.78,
            8.71,
            8.94,
            8.39,
            8.18
        ],
        "%wins": [
            1.0,
            1.0,
            1.0,
            1.0,
            1.0,
            1.0,
            1.0,
            1.0,
            1.0,
            1.0,
            1.0,
            1.0,
            1.0,
            1.0,
            1.0,
            1.0,
            1.0,
            1.0,
            1.0,
            1.0,
            1.0,
            1.0,
            1.0,
            1.0,
            1.0,
            1.0,
            1.0,
            1.0,
            1.0,
            1.0,
            1.0,
            1.0,
            1.0,
            1.0,
            1.0,
            1.0,
            1.0,
            1.0,
            1.0,
            1.0,
            1.0,
            1.0,
            1.0,
            1.0,
            1.0,
            1.0,
            1.0,
            1.0,
            1.0,
            1.0,
            1.0,
            1.0,
            1.0,
            1.0,
            1.0,
            1.0,
            1.0,
            1.0,
            1.0,
            1.0,
            1.0,
            1.0,
            1.0,
            1.0,
            1.0,
            1.0,
            1.0,
            1.0,
            1.0,
            1.0,
            1.0,
            1.0,
            1.0,
            1.0,
            1.0,
            1.0,
            1.0,
            1.0,
            1.0,
            1.0,
            1.0,
            1.0,
            1.0,
            1.0,
            1.0,
            1.0,
            1.0,
            1.0,
            1.0,
            1.0,
            1.0,
            1.0,
            1.0,
            1.0,
            1.0,
            1.0,
            1.0,
            1.0,
            1.0,
            1.0
        ]
    },
    {
        "average": [
            8.29,
            8.23,
            8.56,
            8.86,
            8.68,
            8.3,
            8.5,
            8.49,
            8.13,
            8.49,
            8.41,
            8.43,
            8.31,
            8.4,
            8.47,
            8.43,
            8.41,
            8.67,
            8.67,
            8.53,
            8.41,
            8.54,
            8.4,
            8.36,
            8.61,
            8.59,
            8.36,
            8.39,
            8.14,
            8.61,
            8.16,
            8.6,
            8.56,
            8.85,
            8.45,
            8.46,
            8.92,
            8.15,
            8.13,
            8.63,
            8.36,
            8.13,
            8.83,
            8.76,
            8.41,
            8.37,
            9.1,
            8.5,
            8.52,
            8.22,
            8.13,
            8.55,
            8.99,
            8.24,
            8.89,
            8.23,
            8.44,
            8.5,
            8.34,
            8.26,
            8.85,
            8.59,
            8.45,
            8.78,
            8.79,
            8.12,
            8.7,
            8.04,
            8.37,
            7.99,
            8.36,
            9.11,
            8.39,
            8.2,
            8.65,
            8.38,
            8.55,
            8.73,
            8.39,
            8.14,
            8.68,
            8.01,
            8.61,
            8.1,
            8.55,
            8.43,
            8.93,
            8.58,
            8.21,
            8.15,
            8.65,
            8.59,
            8.56,
            8.78,
            8.58,
            8.8,
            8.53,
            8.54,
            8.12,
            8.68
        ],
        "%wins": [
            1.0,
            1.0,
            1.0,
            1.0,
            1.0,
            1.0,
            1.0,
            1.0,
            1.0,
            1.0,
            1.0,
            1.0,
            1.0,
            1.0,
            1.0,
            1.0,
            1.0,
            1.0,
            1.0,
            1.0,
            1.0,
            1.0,
            1.0,
            1.0,
            1.0,
            1.0,
            1.0,
            1.0,
            1.0,
            1.0,
            1.0,
            1.0,
            1.0,
            1.0,
            1.0,
            1.0,
            1.0,
            1.0,
            1.0,
            1.0,
            1.0,
            1.0,
            1.0,
            1.0,
            1.0,
            1.0,
            1.0,
            1.0,
            1.0,
            1.0,
            1.0,
            1.0,
            1.0,
            1.0,
            1.0,
            1.0,
            1.0,
            1.0,
            1.0,
            1.0,
            1.0,
            1.0,
            1.0,
            1.0,
            1.0,
            1.0,
            1.0,
            1.0,
            1.0,
            1.0,
            1.0,
            1.0,
            1.0,
            1.0,
            1.0,
            1.0,
            1.0,
            1.0,
            1.0,
            1.0,
            1.0,
            1.0,
            1.0,
            1.0,
            1.0,
            1.0,
            1.0,
            1.0,
            1.0,
            1.0,
            1.0,
            1.0,
            1.0,
            1.0,
            1.0,
            1.0,
            1.0,
            1.0,
            1.0,
            1.0
        ]
    },
    {
        "average": [
            8.74,
            8.18,
            8.17,
            8.5,
            8.48,
            8.42,
            8.32,
            8.7,
            8.44,
            8.57,
            8.52,
            7.89,
            8.52,
            8.56,
            8.78,
            8.83,
            8.3,
            8.16,
            8.54,
            8.6,
            8.73,
            8.42,
            8.56,
            8.83,
            8.73,
            8.32,
            8.35,
            8.25,
            8.28,
            8.73,
            7.91,
            8.01,
            8.37,
            8.0,
            8.29,
            8.52,
            8.31,
            8.61,
            8.68,
            8.52,
            8.06,
            8.51,
            8.38,
            8.37,
            8.68,
            8.54,
            8.44,
            8.27,
            8.58,
            8.87,
            8.61,
            8.54,
            8.21,
            8.21,
            8.26,
            8.2,
            8.66,
            8.37,
            8.75,
            8.28,
            8.69,
            8.66,
            8.28,
            9.14,
            8.31,
            8.39,
            8.88,
            8.57,
            8.38,
            8.3,
            8.38,
            8.69,
            8.72,
            8.32,
            8.48,
            8.34,
            8.63,
            8.62,
            8.44,
            8.52,
            8.12,
            8.24,
            8.52,
            8.41,
            8.1,
            8.55,
            8.33,
            8.67,
            8.52,
            8.71,
            8.46,
            8.43,
            8.4,
            8.47,
            8.63,
            8.54,
            8.48,
            8.5,
            8.56,
            8.68
        ],
        "%wins": [
            1.0,
            1.0,
            1.0,
            1.0,
            1.0,
            1.0,
            1.0,
            1.0,
            1.0,
            1.0,
            1.0,
            1.0,
            1.0,
            1.0,
            1.0,
            1.0,
            1.0,
            1.0,
            1.0,
            1.0,
            1.0,
            1.0,
            1.0,
            1.0,
            1.0,
            1.0,
            1.0,
            1.0,
            1.0,
            1.0,
            1.0,
            1.0,
            1.0,
            1.0,
            1.0,
            1.0,
            1.0,
            1.0,
            1.0,
            1.0,
            1.0,
            1.0,
            1.0,
            1.0,
            1.0,
            1.0,
            1.0,
            1.0,
            1.0,
            1.0,
            1.0,
            1.0,
            1.0,
            1.0,
            1.0,
            1.0,
            1.0,
            1.0,
            1.0,
            1.0,
            1.0,
            1.0,
            1.0,
            1.0,
            1.0,
            1.0,
            1.0,
            1.0,
            1.0,
            1.0,
            1.0,
            1.0,
            1.0,
            1.0,
            1.0,
            1.0,
            1.0,
            1.0,
            1.0,
            1.0,
            1.0,
            1.0,
            1.0,
            1.0,
            1.0,
            1.0,
            1.0,
            1.0,
            1.0,
            1.0,
            1.0,
            1.0,
            1.0,
            1.0,
            1.0,
            1.0,
            1.0,
            1.0,
            1.0,
            1.0
        ]
    },
    {
        "average": [
            8.68,
            8.39,
            8.8,
            8.17,
            8.9,
            8.19,
            8.6,
            8.65,
            8.55,
            8.3,
            8.17,
            8.11,
            8.51,
            8.25,
            8.51,
            8.23,
            8.12,
            8.39,
            8.67,
            8.55,
            8.02,
            8.84,
            8.1,
            8.48,
            8.46,
            8.47,
            8.48,
            8.39,
            8.38,
            8.4,
            8.67,
            8.23,
            8.77,
            8.59,
            8.66,
            8.84,
            8.46,
            8.44,
            8.74,
            9.02,
            8.72,
            7.94,
            8.55,
            8.31,
            8.42,
            8.2,
            9.0,
            8.3,
            8.18,
            8.7,
            8.2,
            8.15,
            8.69,
            8.56,
            8.27,
            8.57,
            8.52,
            8.03,
            8.41,
            8.3,
            8.34,
            8.58,
            8.41,
            8.5,
            8.64,
            8.36,
            8.89,
            8.36,
            8.56,
            8.52,
            8.4,
            8.6,
            8.99,
            8.34,
            8.37,
            8.22,
            8.4,
            8.68,
            8.39,
            8.09,
            8.46,
            8.36,
            8.31,
            8.23,
            8.81,
            8.64,
            8.42,
            8.57,
            8.3,
            8.12,
            8.66,
            8.74,
            8.5,
            8.48,
            7.97,
            8.36,
            8.47,
            8.51,
            8.47,
            8.46
        ],
        "%wins": [
            1.0,
            1.0,
            1.0,
            1.0,
            1.0,
            1.0,
            1.0,
            1.0,
            1.0,
            1.0,
            1.0,
            1.0,
            1.0,
            1.0,
            1.0,
            1.0,
            1.0,
            1.0,
            1.0,
            1.0,
            1.0,
            1.0,
            1.0,
            1.0,
            1.0,
            1.0,
            1.0,
            1.0,
            1.0,
            1.0,
            1.0,
            1.0,
            1.0,
            1.0,
            1.0,
            1.0,
            1.0,
            1.0,
            1.0,
            1.0,
            1.0,
            1.0,
            1.0,
            1.0,
            1.0,
            1.0,
            1.0,
            1.0,
            1.0,
            1.0,
            1.0,
            1.0,
            1.0,
            1.0,
            1.0,
            1.0,
            1.0,
            1.0,
            1.0,
            1.0,
            1.0,
            1.0,
            1.0,
            1.0,
            1.0,
            1.0,
            1.0,
            1.0,
            1.0,
            1.0,
            1.0,
            1.0,
            1.0,
            1.0,
            1.0,
            1.0,
            1.0,
            1.0,
            1.0,
            1.0,
            1.0,
            1.0,
            1.0,
            1.0,
            1.0,
            1.0,
            1.0,
            1.0,
            1.0,
            1.0,
            1.0,
            1.0,
            1.0,
            1.0,
            1.0,
            1.0,
            1.0,
            1.0,
            1.0,
            1.0
        ]
    },
    {
        "average": [
            8.69,
            8.45,
            8.9,
            8.44,
            8.52,
            8.37,
            8.18,
            8.2,
            8.42,
            7.97,
            9.05,
            8.32,
            8.99,
            8.52,
            8.02,
            7.96,
            8.53,
            8.84,
            8.23,
            8.18,
            8.93,
            8.63,
            8.14,
            8.53,
            8.98,
            8.87,
            8.31,
            8.77,
            8.8,
            8.25,
            8.78,
            8.79,
            8.62,
            8.53,
            8.89,
            8.53,
            8.71,
            8.56,
            8.43,
            8.35,
            8.61,
            8.55,
            8.42,
            8.37,
            8.43,
            8.34,
            8.36,
            8.35,
            8.05,
            8.07,
            8.19,
            8.45,
            8.12,
            8.26,
            8.36,
            8.48,
            8.7,
            8.4,
            8.74,
            8.26,
            8.32,
            8.96,
            8.45,
            7.97,
            8.46,
            8.08,
            7.73,
            8.44,
            8.53,
            8.48,
            8.37,
            8.66,
            8.45,
            8.37,
            8.5,
            8.5,
            8.58,
            8.43,
            8.36,
            8.68,
            8.39,
            8.61,
            8.35,
            8.37,
            8.86,
            8.15,
            8.57,
            8.36,
            8.1,
            8.76,
            8.58,
            8.52,
            8.64,
            8.37,
            8.39,
            8.38,
            8.49,
            8.43,
            8.37,
            8.36
        ],
        "%wins": [
            1.0,
            1.0,
            1.0,
            1.0,
            1.0,
            1.0,
            1.0,
            1.0,
            1.0,
            1.0,
            1.0,
            1.0,
            1.0,
            1.0,
            1.0,
            1.0,
            1.0,
            1.0,
            1.0,
            1.0,
            1.0,
            1.0,
            1.0,
            1.0,
            1.0,
            1.0,
            1.0,
            1.0,
            1.0,
            1.0,
            1.0,
            1.0,
            1.0,
            1.0,
            1.0,
            1.0,
            1.0,
            1.0,
            1.0,
            1.0,
            1.0,
            1.0,
            1.0,
            1.0,
            1.0,
            1.0,
            1.0,
            1.0,
            1.0,
            1.0,
            1.0,
            1.0,
            1.0,
            1.0,
            1.0,
            1.0,
            1.0,
            1.0,
            1.0,
            1.0,
            1.0,
            1.0,
            1.0,
            1.0,
            1.0,
            1.0,
            1.0,
            1.0,
            1.0,
            1.0,
            1.0,
            1.0,
            1.0,
            1.0,
            1.0,
            1.0,
            1.0,
            1.0,
            1.0,
            1.0,
            1.0,
            1.0,
            1.0,
            1.0,
            1.0,
            1.0,
            1.0,
            1.0,
            1.0,
            1.0,
            1.0,
            1.0,
            1.0,
            1.0,
            1.0,
            1.0,
            1.0,
            1.0,
            1.0,
            1.0
        ]
    },
    {
        "average": [
            8.59,
            8.69,
            8.47,
            8.08,
            8.19,
            8.44,
            8.8,
            8.78,
            8.32,
            8.4,
            8.11,
            8.39,
            8.51,
            8.63,
            8.12,
            8.27,
            8.47,
            8.28,
            8.72,
            8.48,
            8.38,
            8.15,
            8.73,
            8.73,
            8.98,
            8.41,
            8.3,
            8.14,
            8.61,
            8.45,
            8.82,
            8.0,
            8.47,
            8.22,
            8.36,
            8.47,
            8.75,
            8.34,
            8.16,
            8.3,
            8.31,
            8.78,
            8.51,
            8.55,
            8.65,
            8.55,
            8.46,
            8.2,
            8.29,
            8.61,
            8.82,
            8.5,
            8.75,
            8.97,
            8.41,
            8.37,
            8.69,
            8.45,
            8.83,
            7.85,
            8.18,
            8.63,
            8.67,
            8.68,
            8.49,
            8.15,
            7.77,
            9.04,
            8.65,
            8.55,
            8.68,
            8.38,
            8.39,
            8.41,
            7.89,
            8.14,
            8.42,
            8.25,
            8.24,
            8.37,
            8.03,
            8.16,
            8.25,
            8.55,
            8.0,
            8.58,
            8.63,
            8.46,
            8.11,
            8.47,
            8.56,
            8.22,
            8.49,
            8.62,
            8.42,
            8.01,
            8.32,
            8.49,
            8.09,
            8.38
        ],
        "%wins": [
            1.0,
            1.0,
            1.0,
            1.0,
            1.0,
            1.0,
            1.0,
            1.0,
            1.0,
            1.0,
            1.0,
            1.0,
            1.0,
            1.0,
            1.0,
            1.0,
            1.0,
            1.0,
            1.0,
            1.0,
            1.0,
            1.0,
            1.0,
            1.0,
            1.0,
            1.0,
            1.0,
            1.0,
            1.0,
            1.0,
            1.0,
            1.0,
            1.0,
            1.0,
            1.0,
            1.0,
            1.0,
            1.0,
            1.0,
            1.0,
            1.0,
            1.0,
            1.0,
            1.0,
            1.0,
            1.0,
            1.0,
            1.0,
            1.0,
            1.0,
            1.0,
            1.0,
            1.0,
            1.0,
            1.0,
            1.0,
            1.0,
            1.0,
            1.0,
            1.0,
            1.0,
            1.0,
            1.0,
            1.0,
            1.0,
            1.0,
            1.0,
            1.0,
            1.0,
            1.0,
            1.0,
            1.0,
            1.0,
            1.0,
            1.0,
            1.0,
            1.0,
            1.0,
            1.0,
            1.0,
            1.0,
            1.0,
            1.0,
            1.0,
            1.0,
            1.0,
            1.0,
            1.0,
            1.0,
            1.0,
            1.0,
            1.0,
            1.0,
            1.0,
            1.0,
            1.0,
            1.0,
            1.0,
            1.0,
            1.0
        ]
    },
    {
        "average": [
            8.63,
            8.08,
            8.2,
            9.13,
            8.42,
            8.48,
            8.72,
            8.49,
            8.06,
            8.77,
            8.42,
            8.55,
            8.26,
            8.43,
            8.91,
            8.21,
            8.69,
            8.37,
            8.91,
            8.46,
            8.59,
            8.35,
            8.33,
            8.43,
            8.87,
            8.16,
            9.09,
            8.48,
            8.41,
            8.24,
            8.63,
            8.32,
            8.77,
            8.75,
            8.51,
            8.39,
            8.33,
            8.13,
            8.45,
            8.6,
            8.25,
            8.28,
            8.52,
            8.65,
            8.28,
            8.4,
            8.14,
            8.44,
            8.31,
            8.6,
            8.28,
            8.2,
            8.3,
            8.37,
            8.43,
            8.59,
            8.59,
            8.85,
            8.48,
            8.84,
            8.18,
            8.39,
            8.38,
            8.38,
            8.48,
            8.38,
            8.29,
            8.3,
            8.33,
            8.36,
            8.63,
            8.24,
            8.99,
            8.23,
            8.53,
            8.59,
            9.06,
            8.37,
            8.4,
            8.28,
            8.56,
            8.37,
            8.46,
            8.26,
            8.53,
            8.55,
            8.18,
            8.24,
            8.83,
            8.18,
            8.83,
            8.39,
            8.38,
            8.51,
            8.42,
            8.78,
            8.71,
            8.94,
            8.39,
            8.18
        ],
        "%wins": [
            1.0,
            1.0,
            1.0,
            1.0,
            1.0,
            1.0,
            1.0,
            1.0,
            1.0,
            1.0,
            1.0,
            1.0,
            1.0,
            1.0,
            1.0,
            1.0,
            1.0,
            1.0,
            1.0,
            1.0,
            1.0,
            1.0,
            1.0,
            1.0,
            1.0,
            1.0,
            1.0,
            1.0,
            1.0,
            1.0,
            1.0,
            1.0,
            1.0,
            1.0,
            1.0,
            1.0,
            1.0,
            1.0,
            1.0,
            1.0,
            1.0,
            1.0,
            1.0,
            1.0,
            1.0,
            1.0,
            1.0,
            1.0,
            1.0,
            1.0,
            1.0,
            1.0,
            1.0,
            1.0,
            1.0,
            1.0,
            1.0,
            1.0,
            1.0,
            1.0,
            1.0,
            1.0,
            1.0,
            1.0,
            1.0,
            1.0,
            1.0,
            1.0,
            1.0,
            1.0,
            1.0,
            1.0,
            1.0,
            1.0,
            1.0,
            1.0,
            1.0,
            1.0,
            1.0,
            1.0,
            1.0,
            1.0,
            1.0,
            1.0,
            1.0,
            1.0,
            1.0,
            1.0,
            1.0,
            1.0,
            1.0,
            1.0,
            1.0,
            1.0,
            1.0,
            1.0,
            1.0,
            1.0,
            1.0,
            1.0
        ]
    },
    {
        "average": [
            8.29,
            8.23,
            8.56,
            8.86,
            8.68,
            8.3,
            8.5,
            8.49,
            8.13,
            8.49,
            8.41,
            8.43,
            8.31,
            8.4,
            8.47,
            8.43,
            8.41,
            8.67,
            8.67,
            8.53,
            8.41,
            8.54,
            8.4,
            8.36,
            8.61,
            8.59,
            8.36,
            8.39,
            8.14,
            8.61,
            8.16,
            8.6,
            8.56,
            8.85,
            8.45,
            8.46,
            8.92,
            8.15,
            8.13,
            8.63,
            8.36,
            8.13,
            8.83,
            8.76,
            8.41,
            8.37,
            9.1,
            8.5,
            8.52,
            8.22,
            8.13,
            8.55,
            8.99,
            8.24,
            8.89,
            8.23,
            8.44,
            8.5,
            8.34,
            8.26,
            8.85,
            8.59,
            8.45,
            8.78,
            8.79,
            8.12,
            8.7,
            8.04,
            8.37,
            7.99,
            8.36,
            9.11,
            8.39,
            8.2,
            8.65,
            8.38,
            8.55,
            8.73,
            8.39,
            8.14,
            8.68,
            8.01,
            8.61,
            8.1,
            8.55,
            8.43,
            8.93,
            8.58,
            8.21,
            8.15,
            8.65,
            8.59,
            8.56,
            8.78,
            8.58,
            8.8,
            8.53,
            8.54,
            8.12,
            8.68
        ],
        "%wins": [
            1.0,
            1.0,
            1.0,
            1.0,
            1.0,
            1.0,
            1.0,
            1.0,
            1.0,
            1.0,
            1.0,
            1.0,
            1.0,
            1.0,
            1.0,
            1.0,
            1.0,
            1.0,
            1.0,
            1.0,
            1.0,
            1.0,
            1.0,
            1.0,
            1.0,
            1.0,
            1.0,
            1.0,
            1.0,
            1.0,
            1.0,
            1.0,
            1.0,
            1.0,
            1.0,
            1.0,
            1.0,
            1.0,
            1.0,
            1.0,
            1.0,
            1.0,
            1.0,
            1.0,
            1.0,
            1.0,
            1.0,
            1.0,
            1.0,
            1.0,
            1.0,
            1.0,
            1.0,
            1.0,
            1.0,
            1.0,
            1.0,
            1.0,
            1.0,
            1.0,
            1.0,
            1.0,
            1.0,
            1.0,
            1.0,
            1.0,
            1.0,
            1.0,
            1.0,
            1.0,
            1.0,
            1.0,
            1.0,
            1.0,
            1.0,
            1.0,
            1.0,
            1.0,
            1.0,
            1.0,
            1.0,
            1.0,
            1.0,
            1.0,
            1.0,
            1.0,
            1.0,
            1.0,
            1.0,
            1.0,
            1.0,
            1.0,
            1.0,
            1.0,
            1.0,
            1.0,
            1.0,
            1.0,
            1.0,
            1.0
        ]
    },
    {
        "average": [
            8.74,
            8.18,
            8.17,
            8.5,
            8.48,
            8.42,
            8.32,
            8.7,
            8.44,
            8.57,
            8.52,
            7.89,
            8.52,
            8.56,
            8.78,
            8.83,
            8.3,
            8.16,
            8.54,
            8.6,
            8.73,
            8.42,
            8.56,
            8.83,
            8.73,
            8.32,
            8.35,
            8.25,
            8.28,
            8.73,
            7.91,
            8.01,
            8.37,
            8.0,
            8.29,
            8.52,
            8.31,
            8.61,
            8.68,
            8.52,
            8.06,
            8.51,
            8.38,
            8.37,
            8.68,
            8.54,
            8.44,
            8.27,
            8.58,
            8.87,
            8.61,
            8.54,
            8.21,
            8.21,
            8.26,
            8.2,
            8.66,
            8.37,
            8.75,
            8.28,
            8.69,
            8.66,
            8.28,
            9.14,
            8.31,
            8.39,
            8.88,
            8.57,
            8.38,
            8.3,
            8.38,
            8.69,
            8.72,
            8.32,
            8.48,
            8.34,
            8.63,
            8.62,
            8.44,
            8.52,
            8.12,
            8.24,
            8.52,
            8.41,
            8.1,
            8.55,
            8.33,
            8.67,
            8.52,
            8.71,
            8.46,
            8.43,
            8.4,
            8.47,
            8.63,
            8.54,
            8.48,
            8.5,
            8.56,
            8.68
        ],
        "%wins": [
            1.0,
            1.0,
            1.0,
            1.0,
            1.0,
            1.0,
            1.0,
            1.0,
            1.0,
            1.0,
            1.0,
            1.0,
            1.0,
            1.0,
            1.0,
            1.0,
            1.0,
            1.0,
            1.0,
            1.0,
            1.0,
            1.0,
            1.0,
            1.0,
            1.0,
            1.0,
            1.0,
            1.0,
            1.0,
            1.0,
            1.0,
            1.0,
            1.0,
            1.0,
            1.0,
            1.0,
            1.0,
            1.0,
            1.0,
            1.0,
            1.0,
            1.0,
            1.0,
            1.0,
            1.0,
            1.0,
            1.0,
            1.0,
            1.0,
            1.0,
            1.0,
            1.0,
            1.0,
            1.0,
            1.0,
            1.0,
            1.0,
            1.0,
            1.0,
            1.0,
            1.0,
            1.0,
            1.0,
            1.0,
            1.0,
            1.0,
            1.0,
            1.0,
            1.0,
            1.0,
            1.0,
            1.0,
            1.0,
            1.0,
            1.0,
            1.0,
            1.0,
            1.0,
            1.0,
            1.0,
            1.0,
            1.0,
            1.0,
            1.0,
            1.0,
            1.0,
            1.0,
            1.0,
            1.0,
            1.0,
            1.0,
            1.0,
            1.0,
            1.0,
            1.0,
            1.0,
            1.0,
            1.0,
            1.0,
            1.0
        ]
    }
]