[
    {
        "average": [
            -35.19,
            -37.14,
            -22.26,
            -26.41,
            -34.77,
            -30.69,
            -40.97,
            -32.9,
            -34.68,
            -30.61,
            -32.86,
            -43.21,
            -26.78,
            -24.4,
            -16.04,
            -39.39,
            -28.43,
            -20.22,
            -37.08,
            -26.55,
            -37.16,
            -34.86,
            -20.25,
            -34.85,
            -26.42,
            -24.71,
            -38.97,
            -34.64,
            -22.31,
            -24.11,
            -20.08,
            -28.5,
            -30.49,
            -49.51,
            -34.87,
            -26.47,
            -34.76,
            -39.1,
            -39.09,
            -13.87,
            -30.57,
            -40.98,
            -35.08,
            -36.81,
            -38.93,
            -45.35,
            -40.64,
            -28.3,
            -37.06,
            -18.19,
            -34.63,
            -38.97,
            -34.99,
            -24.62,
            -26.48,
            -22.17,
            -24.51,
            -32.84,
            -32.53,
            -24.58,
            -30.73,
            -32.61,
            -43.06,
            -24.43,
            -11.97,
            -30.5,
            -33.05,
            -26.22,
            -34.38,
            -26.9,
            -43.04,
            -37.03,
            -20.28,
            -34.74,
            -32.37,
            -20.19,
            -26.43,
            -26.56,
            -30.31,
            -40.97,
            -16.01,
            -47.66,
            -20.29,
            -26.45,
            -14.0,
            -26.46,
            -26.6,
            -22.3,
            -20.34,
            -36.78,
            -22.07,
            -24.27,
            -26.66,
            -45.35,
            -24.6,
            -36.56,
            -28.59,
            -32.79,
            -58.0,
            -22.18
        ],
        "%wins": [
            0.79,
            0.78,
            0.85,
            0.83,
            0.79,
            0.81,
            0.76,
            0.8,
            0.79,
            0.81,
            0.8,
            0.75,
            0.83,
            0.84,
            0.88,
            0.77,
            0.82,
            0.86,
            0.78,
            0.83,
            0.78,
            0.79,
            0.86,
            0.79,
            0.83,
            0.84,
            0.77,
            0.79,
            0.85,
            0.84,
            0.86,
            0.82,
            0.81,
            0.72,
            0.79,
            0.83,
            0.79,
            0.77,
            0.77,
            0.89,
            0.81,
            0.76,
            0.79,
            0.78,
            0.77,
            0.74,
            0.76,
            0.82,
            0.78,
            0.87,
            0.79,
            0.77,
            0.79,
            0.84,
            0.83,
            0.85,
            0.84,
            0.8,
            0.8,
            0.84,
            0.81,
            0.8,
            0.75,
            0.84,
            0.9,
            0.81,
            0.8,
            0.83,
            0.79,
            0.83,
            0.75,
            0.78,
            0.86,
            0.79,
            0.8,
            0.86,
            0.83,
            0.83,
            0.81,
            0.76,
            0.88,
            0.73,
            0.86,
            0.83,
            0.89,
            0.83,
            0.83,
            0.85,
            0.86,
            0.78,
            0.85,
            0.84,
            0.83,
            0.74,
            0.84,
            0.78,
            0.82,
            0.8,
            0.68,
            0.85
        ]
    },
    {
        "average": [
            -49.65,
            -26.45,
            -24.84,
            -34.6,
            -38.96,
            -30.92,
            -26.73,
            -41.18,
            -36.71,
            -37.03,
            -40.9,
            -32.88,
            -24.41,
            -30.62,
            -30.26,
            -22.07,
            -36.85,
            -43.12,
            -47.56,
            -30.79,
            -39.12,
            -26.12,
            -28.6,
            -34.82,
            -20.06,
            -24.23,
            -24.38,
            -28.63,
            -36.75,
            -40.87,
            -22.48,
            -20.19,
            -43.23,
            -51.78,
            -39.07,
            -36.93,
            -43.12,
            -37.03,
            -39.36,
            -30.52,
            -40.76,
            -45.41,
            -30.57,
            -28.64,
            -30.5,
            -30.81,
            -35.09,
            -32.7,
            -20.47,
            -24.34,
            -18.18,
            -32.58,
            -22.19,
            -26.69,
            -16.15,
            -24.35,
            -36.45,
            -32.79,
            -36.77,
            -30.81,
            -30.9,
            -32.84,
            -24.37,
            -36.78,
            -29.03,
            -49.39,
            -30.67,
            -30.68,
            -28.43,
            -28.44,
            -43.0,
            -26.46,
            -28.36,
            -36.79,
            -32.58,
            -26.36,
            -38.83,
            -30.71,
            -30.84,
            -41.24,
            -28.78,
            -32.89,
            -24.35,
            -28.41,
            -37.01,
            -22.22,
            -28.06,
            -39.25,
            -24.45,
            -22.17,
            -37.16,
            -34.5,
            -34.24,
            -43.38,
            -35.08,
            -26.53,
            -38.82,
            -34.96,
            -34.96,
            -34.53
        ],
        "%wins": [
            0.72,
            0.83,
            0.84,
            0.79,
            0.77,
            0.81,
            0.83,
            0.76,
            0.78,
            0.78,
            0.76,
            0.8,
            0.84,
            0.81,
            0.81,
            0.85,
            0.78,
            0.75,
            0.73,
            0.81,
            0.77,
            0.83,
            0.82,
            0.79,
            0.86,
            0.84,
            0.84,
            0.82,
            0.78,
            0.76,
            0.85,
            0.86,
            0.75,
            0.71,
            0.77,
            0.78,
            0.75,
            0.78,
            0.77,
            0.81,
            0.76,
            0.74,
            0.81,
            0.82,
            0.81,
            0.81,
            0.79,
            0.8,
            0.86,
            0.84,
            0.87,
            0.8,
            0.85,
            0.83,
            0.88,
            0.84,
            0.78,
            0.8,
            0.78,
            0.81,
            0.81,
            0.8,
            0.84,
            0.78,
            0.82,
            0.72,
            0.81,
            0.81,
            0.82,
            0.82,
            0.75,
            0.83,
            0.82,
            0.78,
            0.8,
            0.83,
            0.77,
            0.81,
            0.81,
            0.76,
            0.82,
            0.8,
            0.84,
            0.82,
            0.78,
            0.85,
            0.82,
            0.77,
            0.84,
            0.85,
            0.78,
            0.79,
            0.79,
            0.75,
            0.79,
            0.83,
            0.77,
            0.79,
            0.79,
            0.79
        ]
    },
    {
        "average": [
            -41.24,
            -32.94,
            -34.68,
            -28.4,
            -30.56,
            -38.76,
            -30.79,
            -26.24,
            -45.5,
            -28.68,
            -22.38,
            -33.23,
            -26.33,
            -30.45,
            -28.56,
            -32.76,
            -32.86,
            -30.82,
            -34.84,
            -28.75,
            -34.74,
            -30.23,
            -26.87,
            -32.76,
            -43.33,
            -24.69,
            -40.97,
            -41.21,
            -28.91,
            -34.6,
            -45.14,
            -28.65,
            -30.61,
            -38.84,
            -34.7,
            -26.4,
            -36.83,
            -30.45,
            -30.76,
            -37.01,
            -26.42,
            -17.99,
            -30.51,
            -53.75,
            -34.58,
            -24.71,
            -28.73,
            -38.94,
            -30.5,
            -32.59,
            -36.82,
            -22.19,
            -26.38,
            -26.49,
            -30.73,
            -32.67,
            -28.66,
            -30.66,
            -32.42,
            -22.64,
            -26.64,
            -35.17,
            -24.2,
            -28.5,
            -36.97,
            -24.55,
            -30.96,
            -49.57,
            -28.87,
            -41.16,
            -37.01,
            -37.2,
            -18.24,
            -28.36,
            -24.85,
            -28.94,
            -37.09,
            -28.85,
            -30.67,
            -39.14,
            -22.41,
            -24.51,
            -34.92,
            -23.92,
            -24.51,
            -32.82,
            -30.8,
            -32.3,
            -32.66,
            -43.63,
            -26.26,
            -36.87,
            -35.16,
            -32.47,
            -18.03,
            -30.64,
            -41.18,
            -22.42,
            -22.4,
            -26.46
        ],
        "%wins": [
            0.76,
            0.8,
            0.79,
            0.82,
            0.81,
            0.77,
            0.81,
            0.83,
            0.74,
            0.82,
            0.85,
            0.8,
            0.83,
            0.81,
            0.82,
            0.8,
            0.8,
            0.81,
            0.79,
            0.82,
            0.79,
            0.81,
            0.83,
            0.8,
            0.75,
            0.84,
            0.76,
            0.76,
            0.82,
            0.79,
            0.74,
            0.82,
            0.81,
            0.77,
            0.79,
            0.83,
            0.78,
            0.81,
            0.81,
            0.78,
            0.83,
            0.87,
            0.81,
            0.7,
            0.79,
            0.84,
            0.82,
            0.77,
            0.81,
            0.8,
            0.78,
            0.85,
            0.83,
            0.83,
            0.81,
            0.8,
            0.82,
            0.81,
            0.8,
            0.85,
            0.83,
            0.79,
            0.84,
            0.82,
            0.78,
            0.84,
            0.81,
            0.72,
            0.82,
            0.76,
            0.78,
            0.78,
            0.87,
            0.82,
            0.84,
            0.82,
            0.78,
            0.82,
            0.81,
            0.77,
            0.85,
            0.84,
            0.79,
            0.84,
            0.84,
            0.8,
            0.81,
            0.8,
            0.8,
            0.75,
            0.83,
            0.78,
            0.79,
            0.8,
            0.87,
            0.81,
            0.76,
            0.85,
            0.85,
            0.83
        ]
    },
    {
        "average": [
            -55.73,
            -20.27,
            -26.69,
            -26.37,
            -32.7,
            -28.75,
            -30.91,
            -20.29,
            -28.4,
            -32.71,
            -34.95,
            -35.12,
            -28.56,
            -37.11,
            -20.17,
            -17.91,
            -22.35,
            -35.13,
            -34.8,
            -26.12,
            -28.18,
            -28.16,
            -22.37,
            -22.09,
            -34.85,
            -39.32,
            -32.66,
            -22.26,
            -32.32,
            -37.24,
            -41.41,
            -11.91,
            -34.78,
            -36.68,
            -36.6,
            -38.89,
            -32.33,
            -41.02,
            -28.69,
            -34.83,
            -32.66,
            -34.88,
            -39.13,
            -37.0,
            -24.51,
            -26.25,
            -28.65,
            -34.94,
            -18.09,
            -26.4,
            -51.58,
            -30.73,
            -24.38,
            -20.02,
            -34.97,
            -34.73,
            -32.61,
            -47.36,
            -28.55,
            -25.95,
            -36.65,
            -34.77,
            -41.19,
            -28.7,
            -39.02,
            -36.88,
            -37.19,
            -39.19,
            -18.17,
            -28.52,
            -34.77,
            -30.71,
            -30.45,
            -41.23,
            -36.84,
            -30.69,
            -32.73,
            -45.25,
            -24.74,
            -22.38,
            -20.07,
            -35.25,
            -30.58,
            -15.99,
            -39.15,
            -30.69,
            -35.2,
            -28.5,
            -22.41,
            -41.11,
            -24.38,
            -24.65,
            -38.91,
            -30.54,
            -24.32,
            -22.15,
            -22.11,
            -26.39,
            -28.52,
            -51.43
        ],
        "%wins": [
            0.69,
            0.86,
            0.83,
            0.83,
            0.8,
            0.82,
            0.81,
            0.86,
            0.82,
            0.8,
            0.79,
            0.79,
            0.82,
            0.78,
            0.86,
            0.87,
            0.85,
            0.79,
            0.79,
            0.83,
            0.82,
            0.82,
            0.85,
            0.85,
            0.79,
            0.77,
            0.8,
            0.85,
            0.8,
            0.78,
            0.76,
            0.9,
            0.79,
            0.78,
            0.78,
            0.77,
            0.8,
            0.76,
            0.82,
            0.79,
            0.8,
            0.79,
            0.77,
            0.78,
            0.84,
            0.83,
            0.82,
            0.79,
            0.87,
            0.83,
            0.71,
            0.81,
            0.84,
            0.86,
            0.79,
            0.79,
            0.8,
            0.73,
            0.82,
            0.83,
            0.78,
            0.79,
            0.76,
            0.82,
            0.77,
            0.78,
            0.78,
            0.77,
            0.87,
            0.82,
            0.79,
            0.81,
            0.81,
            0.76,
            0.78,
            0.81,
            0.8,
            0.74,
            0.84,
            0.85,
            0.86,
            0.79,
            0.81,
            0.88,
            0.77,
            0.81,
            0.79,
            0.82,
            0.85,
            0.76,
            0.84,
            0.84,
            0.77,
            0.81,
            0.84,
            0.85,
            0.85,
            0.83,
            0.82,
            0.71
        ]
    },
    {
        "average": [
            -34.99,
            -28.55,
            -34.8,
            -38.98,
            -43.33,
            -11.75,
            -28.41,
            -34.78,
            -39.25,
            -38.97,
            -43.0,
            -35.01,
            -38.55,
            -36.65,
            -37.03,
            -18.16,
            -36.82,
            -38.86,
            -30.85,
            -24.52,
            -30.8,
            -24.49,
            -22.2,
            -36.95,
            -19.97,
            -28.86,
            -32.81,
            -32.47,
            -36.98,
            -34.85,
            -9.82,
            -26.32,
            -35.2,
            -26.07,
            -32.42,
            -28.98,
            -40.89,
            -35.02,
            -22.26,
            -38.93,
            -28.14,
            -20.33,
            -30.59,
            -28.57,
            -26.4,
            -36.61,
            -26.33,
            -41.55,
            -24.37,
            -28.64,
            -7.66,
            -28.61,
            -24.5,
            -22.23,
            -22.42,
            -30.66,
            -28.36,
            -26.18,
            -20.31,
            -43.37,
            -28.68,
            -32.58,
            -26.45,
            -41.11,
            -53.77,
            -26.37,
            -45.6,
            -28.49,
            -22.78,
            -30.35,
            -41.12,
            -32.87,
            -33.02,
            -39.17,
            -34.75,
            -38.86,
            -41.04,
            -32.69,
            -26.56,
            -26.54,
            -36.51,
            -17.94,
            -34.63,
            -36.99,
            -47.54,
            -39.1,
            -37.02,
            -26.21,
            -26.51,
            -34.84,
            -26.24,
            -22.07,
            -24.4,
            -26.61,
            -38.91,
            -38.79,
            -24.52,
            -16.03,
            -45.17,
            -45.52
        ],
        "%wins": [
            0.79,
            0.82,
            0.79,
            0.77,
            0.75,
            0.9,
            0.82,
            0.79,
            0.77,
            0.77,
            0.75,
            0.79,
            0.77,
            0.78,
            0.78,
            0.87,
            0.78,
            0.77,
            0.81,
            0.84,
            0.81,
            0.84,
            0.85,
            0.78,
            0.86,
            0.82,
            0.8,
            0.8,
            0.78,
            0.79,
            0.91,
            0.83,
            0.79,
            0.83,
            0.8,
            0.82,
            0.76,
            0.79,
            0.85,
            0.77,
            0.82,
            0.86,
            0.81,
            0.82,
            0.83,
            0.78,
            0.83,
            0.76,
            0.84,
            0.82,
            0.92,
            0.82,
            0.84,
            0.85,
            0.85,
            0.81,
            0.82,
            0.83,
            0.86,
            0.75,
            0.82,
            0.8,
            0.83,
            0.76,
            0.7,
            0.83,
            0.74,
            0.82,
            0.85,
            0.81,
            0.76,
            0.8,
            0.8,
            0.77,
            0.79,
            0.77,
            0.76,
            0.8,
            0.83,
            0.83,
            0.78,
            0.87,
            0.79,
            0.78,
            0.73,
            0.77,
            0.78,
            0.83,
            0.83,
            0.79,
            0.83,
            0.85,
            0.84,
            0.83,
            0.77,
            0.77,
            0.84,
            0.88,
            0.74,
            0.74
        ]
    },
    {
        "average": [
            -36.92,
            -45.53,
            -37.16,
            -24.3,
            -24.35,
            -20.07,
            -14.01,
            -34.9,
            -28.24,
            -22.18,
            -43.22,
            -32.86,
            -32.97,
            -43.42,
            -43.13,
            -45.44,
            -49.62,
            -26.61,
            -34.83,
            -41.3,
            -34.92,
            -20.35,
            -34.69,
            -40.86,
            -34.98,
            -32.57,
            -36.92,
            -32.89,
            -28.45,
            -47.5,
            -41.15,
            -23.79,
            -34.74,
            -36.57,
            -32.53,
            -22.36,
            -41.26,
            -30.65,
            -32.79,
            -22.4,
            -24.31,
            -34.68,
            -28.55,
            -32.71,
            -37.21,
            -45.17,
            -36.56,
            -36.8,
            -29.04,
            -22.65,
            -24.75,
            -47.26,
            -28.95,
            -30.88,
            -32.8,
            -39.1,
            -26.57,
            -32.76,
            -28.62,
            -22.25,
            -51.05,
            -16.0,
            -22.19,
            -18.37,
            -33.15,
            -28.73,
            -36.99,
            -16.15,
            -26.57,
            -28.52,
            -43.18,
            -30.76,
            -34.79,
            -24.21,
            -28.74,
            -13.89,
            -22.27,
            -47.16,
            -41.16,
            -25.75,
            -30.86,
            -32.96,
            -41.13,
            -41.32,
            -35.21,
            -35.19,
            -40.98,
            -20.39,
            -57.88,
            -28.6,
            -49.73,
            -41.35,
            -36.82,
            -22.79,
            -20.05,
            -13.98,
            -30.41,
            -30.87,
            -28.45,
            -17.88
        ],
        "%wins": [
            0.78,
            0.74,
            0.78,
            0.84,
            0.84,
            0.86,
            0.89,
            0.79,
            0.82,
            0.85,
            0.75,
            0.8,
            0.8,
            0.75,
            0.75,
            0.74,
            0.72,
            0.83,
            0.79,
            0.76,
            0.79,
            0.86,
            0.79,
            0.76,
            0.79,
            0.8,
            0.78,
            0.8,
            0.82,
            0.73,
            0.76,
            0.84,
            0.79,
            0.78,
            0.8,
            0.85,
            0.76,
            0.81,
            0.8,
            0.85,
            0.84,
            0.79,
            0.82,
            0.8,
            0.78,
            0.74,
            0.78,
            0.78,
            0.82,
            0.85,
            0.84,
            0.73,
            0.82,
            0.81,
            0.8,
            0.77,
            0.83,
            0.8,
            0.82,
            0.85,
            0.71,
            0.88,
            0.85,
            0.87,
            0.8,
            0.82,
            0.78,
            0.88,
            0.83,
            0.82,
            0.75,
            0.81,
            0.79,
            0.84,
            0.82,
            0.89,
            0.85,
            0.73,
            0.76,
            0.83,
            0.81,
            0.8,
            0.76,
            0.76,
            0.79,
            0.79,
            0.76,
            0.86,
            0.68,
            0.82,
            0.72,
            0.76,
            0.78,
            0.85,
            0.86,
            0.89,
            0.81,
            0.81,
            0.82,
            0.87
        ]
    },
    {
        "average": [
            -26.14,
            -22.39,
            -24.51,
            -37.14,
            -18.35,
            -30.74,
            -20.22,
            -34.8,
            -17.89,
            -22.63,
            -45.67,
            -26.63,
            -26.31,
            -53.27,
            -41.28,
            -22.7,
            -20.57,
            -26.39,
            -26.51,
            -26.63,
            -28.72,
            -43.19,
            -32.81,
            -41.31,
            -39.14,
            -39.21,
            -20.75,
            -35.06,
            -17.9,
            -51.85,
            -32.91,
            -30.82,
            -41.2,
            -22.09,
            -20.28,
            -30.91,
            -20.23,
            -34.61,
            -16.25,
            -32.61,
            -26.07,
            -31.11,
            -30.82,
            -32.52,
            -55.88,
            -30.11,
            -24.15,
            -18.18,
            -39.11,
            -47.56,
            -26.76,
            -22.22,
            -39.12,
            -59.79,
            -45.37,
            -36.46,
            -32.76,
            -26.54,
            -36.87,
            -22.43,
            -30.74,
            -26.79,
            -26.6,
            -22.31,
            -32.6,
            -39.24,
            -41.15,
            -22.09,
            -30.61,
            -28.49,
            -31.08,
            -24.75,
            -15.79,
            -26.24,
            -36.88,
            -30.74,
            -28.68,
            -39.15,
            -32.45,
            -24.33,
            -45.16,
            -26.85,
            -34.74,
            -26.57,
            -34.93,
            -43.54,
            -26.62,
            -41.33,
            -26.32,
            -26.45,
            -30.36,
            -36.65,
            -22.43,
            -41.35,
            -29.01,
            -36.87,
            -14.11,
            -34.92,
            -32.58,
            -22.52
        ],
        "%wins": [
            0.83,
            0.85,
            0.84,
            0.78,
            0.87,
            0.81,
            0.86,
            0.79,
            0.87,
            0.85,
            0.74,
            0.83,
            0.83,
            0.7,
            0.76,
            0.85,
            0.86,
            0.83,
            0.83,
            0.83,
            0.82,
            0.75,
            0.8,
            0.76,
            0.77,
            0.77,
            0.86,
            0.79,
            0.87,
            0.71,
            0.8,
            0.81,
            0.76,
            0.85,
            0.86,
            0.81,
            0.86,
            0.79,
            0.88,
            0.8,
            0.83,
            0.81,
            0.81,
            0.8,
            0.69,
            0.81,
            0.84,
            0.87,
            0.77,
            0.73,
            0.83,
            0.85,
            0.77,
            0.67,
            0.74,
            0.78,
            0.8,
            0.83,
            0.78,
            0.85,
            0.81,
            0.83,
            0.83,
            0.85,
            0.8,
            0.77,
            0.76,
            0.85,
            0.81,
            0.82,
            0.81,
            0.84,
            0.88,
            0.83,
            0.78,
            0.81,
            0.82,
            0.77,
            0.8,
            0.84,
            0.74,
            0.83,
            0.79,
            0.83,
            0.79,
            0.75,
            0.83,
            0.76,
            0.83,
            0.83,
            0.81,
            0.78,
            0.85,
            0.76,
            0.82,
            0.78,
            0.89,
            0.79,
            0.8,
            0.85
        ]
    },
    {
        "average": [
            -28.54,
            -30.69,
            -32.86,
            -43.29,
            -18.05,
            -18.21,
            -34.53,
            -30.48,
            -22.3,
            -39.01,
            -24.3,
            -30.56,
            -32.45,
            -41.13,
            -34.6,
            -24.61,
            -38.97,
            -39.05,
            -24.27,
            -24.48,
            -40.7,
            -28.48,
            -24.37,
            -39.09,
            -47.61,
            -43.5,
            -39.05,
            -36.94,
            -30.27,
            -49.5,
            -30.36,
            -37.35,
            -49.72,
            -32.71,
            -28.84,
            -45.39,
            -20.33,
            -47.59,
            -26.27,
            -41.02,
            -28.51,
            -11.9,
            -36.79,
            -24.02,
            -32.58,
            -32.59,
            -18.04,
            -26.33,
            -41.0,
            -43.47,
            -24.45,
            -26.06,
            -36.81,
            -22.27,
            -34.65,
            -32.75,
            -20.09,
            -41.37,
            -26.66,
            -62.0,
            -22.16,
            -28.85,
            -18.37,
            -43.17,
            -30.49,
            -26.26,
            -30.73,
            -28.65,
            -43.33,
            -32.71,
            -34.73,
            -24.37,
            -32.99,
            -30.23,
            -32.97,
            -36.78,
            -24.36,
            -32.66,
            -15.91,
            -32.59,
            -28.84,
            -30.83,
            -32.76,
            -34.47,
            -43.32,
            -43.25,
            -24.45,
            -11.91,
            -24.73,
            -24.41,
            -36.78,
            -34.68,
            -26.59,
            -30.97,
            -34.55,
            -26.39,
            -18.08,
            -39.22,
            -39.18,
            -22.83
        ],
        "%wins": [
            0.82,
            0.81,
            0.8,
            0.75,
            0.87,
            0.87,
            0.79,
            0.81,
            0.85,
            0.77,
            0.84,
            0.81,
            0.8,
            0.76,
            0.79,
            0.84,
            0.77,
            0.77,
            0.84,
            0.84,
            0.76,
            0.82,
            0.84,
            0.77,
            0.73,
            0.75,
            0.77,
            0.78,
            0.81,
            0.72,
            0.81,
            0.78,
            0.72,
            0.8,
            0.82,
            0.74,
            0.86,
            0.73,
            0.83,
            0.76,
            0.82,
            0.9,
            0.78,
            0.84,
            0.8,
            0.8,
            0.87,
            0.83,
            0.76,
            0.75,
            0.84,
            0.83,
            0.78,
            0.85,
            0.79,
            0.8,
            0.86,
            0.76,
            0.83,
            0.66,
            0.85,
            0.82,
            0.87,
            0.75,
            0.81,
            0.83,
            0.81,
            0.82,
            0.75,
            0.8,
            0.79,
            0.84,
            0.8,
            0.81,
            0.8,
            0.78,
            0.84,
            0.8,
            0.88,
            0.8,
            0.82,
            0.81,
            0.8,
            0.79,
            0.75,
            0.75,
            0.84,
            0.9,
            0.84,
            0.84,
            0.78,
            0.79,
            0.83,
            0.81,
            0.79,
            0.83,
            0.87,
            0.77,
            0.77,
            0.85
        ]
    },
    {
        "average": [
            -36.92,
            -45.53,
            -37.16,
            -24.3,
            -24.35,
            -20.07,
            -14.01,
            -34.9,
            -28.24,
            -22.18,
            -43.22,
            -32.86,
            -32.97,
            -43.42,
            -43.13,
            -45.44,
            -49.62,
            -26.61,
            -34.83,
            -41.3,
            -34.92,
            -20.35,
            -34.69,
            -40.86,
            -34.98,
            -32.57,
            -36.92,
            -32.89,
            -28.45,
            -47.5,
            -41.15,
            -23.79,
            -34.74,
            -36.57,
            -32.53,
            -22.36,
            -41.26,
            -30.65,
            -32.79,
            -22.4,
            -24.31,
            -34.68,
            -28.55,
            -32.71,
            -37.21,
            -45.17,
            -36.56,
            -36.8,
            -29.04,
            -22.65,
            -24.75,
            -47.26,
            -28.95,
            -30.88,
            -32.8,
            -39.1,
            -26.57,
            -32.76,
            -28.62,
            -22.25,
            -51.05,
            -16.0,
            -22.19,
            -18.37,
            -33.15,
            -28.73,
            -36.99,
            -16.15,
            -26.57,
            -28.52,
            -43.18,
            -30.76,
            -34.79,
            -24.21,
            -28.74,
            -13.89,
            -22.27,
            -47.16,
            -41.16,
            -25.75,
            -30.86,
            -32.96,
            -41.13,
            -41.32,
            -35.21,
            -35.19,
            -40.98,
            -20.39,
            -57.88,
            -28.6,
            -49.73,
            -41.35,
            -36.82,
            -22.79,
            -20.05,
            -13.98,
            -30.41,
            -30.87,
            -28.45,
            -17.88
        ],
        "%wins": [
            0.78,
            0.74,
            0.78,
            0.84,
            0.84,
            0.86,
            0.89,
            0.79,
            0.82,
            0.85,
            0.75,
            0.8,
            0.8,
            0.75,
            0.75,
            0.74,
            0.72,
            0.83,
            0.79,
            0.76,
            0.79,
            0.86,
            0.79,
            0.76,
            0.79,
            0.8,
            0.78,
            0.8,
            0.82,
            0.73,
            0.76,
            0.84,
            0.79,
            0.78,
            0.8,
            0.85,
            0.76,
            0.81,
            0.8,
            0.85,
            0.84,
            0.79,
            0.82,
            0.8,
            0.78,
            0.74,
            0.78,
            0.78,
            0.82,
            0.85,
            0.84,
            0.73,
            0.82,
            0.81,
            0.8,
            0.77,
            0.83,
            0.8,
            0.82,
            0.85,
            0.71,
            0.88,
            0.85,
            0.87,
            0.8,
            0.82,
            0.78,
            0.88,
            0.83,
            0.82,
            0.75,
            0.81,
            0.79,
            0.84,
            0.82,
            0.89,
            0.85,
            0.73,
            0.76,
            0.83,
            0.81,
            0.8,
            0.76,
            0.76,
            0.79,
            0.79,
            0.76,
            0.86,
            0.68,
            0.82,
            0.72,
            0.76,
            0.78,
            0.85,
            0.86,
            0.89,
            0.81,
            0.81,
            0.82,
            0.87
        ]
    },
    {
        "average": [
            -26.14,
            -22.39,
            -24.51,
            -37.14,
            -18.35,
            -30.74,
            -20.22,
            -34.8,
            -17.89,
            -22.63,
            -45.67,
            -26.63,
            -26.31,
            -53.27,
            -41.28,
            -22.7,
            -20.57,
            -26.39,
            -26.51,
            -26.63,
            -28.72,
            -43.19,
            -32.81,
            -41.31,
            -39.14,
            -39.21,
            -20.75,
            -35.06,
            -17.9,
            -51.85,
            -32.91,
            -30.82,
            -41.2,
            -22.09,
            -20.28,
            -30.91,
            -20.23,
            -34.61,
            -16.25,
            -32.61,
            -26.07,
            -31.11,
            -30.82,
            -32.52,
            -55.88,
            -30.11,
            -24.15,
            -18.18,
            -39.11,
            -47.56,
            -26.76,
            -22.22,
            -39.12,
            -59.79,
            -45.37,
            -36.46,
            -32.76,
            -26.54,
            -36.87,
            -22.43,
            -30.74,
            -26.79,
            -26.6,
            -22.31,
            -32.6,
            -39.24,
            -41.15,
            -22.09,
            -30.61,
            -28.49,
            -31.08,
            -24.75,
            -15.79,
            -26.24,
            -36.88,
            -30.74,
            -28.68,
            -39.15,
            -32.45,
            -24.33,
            -45.16,
            -26.85,
            -34.74,
            -26.57,
            -34.93,
            -43.54,
            -26.62,
            -41.33,
            -26.32,
            -26.45,
            -30.36,
            -36.65,
            -22.43,
            -41.35,
            -29.01,
            -36.87,
            -14.11,
            -34.92,
            -32.58,
            -22.52
        ],
        "%wins": [
            0.83,
            0.85,
            0.84,
            0.78,
            0.87,
            0.81,
            0.86,
            0.79,
            0.87,
            0.85,
            0.74,
            0.83,
            0.83,
            0.7,
            0.76,
            0.85,
            0.86,
            0.83,
            0.83,
            0.83,
            0.82,
            0.75,
            0.8,
            0.76,
            0.77,
            0.77,
            0.86,
            0.79,
            0.87,
            0.71,
            0.8,
            0.81,
            0.76,
            0.85,
            0.86,
            0.81,
            0.86,
            0.79,
            0.88,
            0.8,
            0.83,
            0.81,
            0.81,
            0.8,
            0.69,
            0.81,
            0.84,
            0.87,
            0.77,
            0.73,
            0.83,
            0.85,
            0.77,
            0.67,
            0.74,
            0.78,
            0.8,
            0.83,
            0.78,
            0.85,
            0.81,
            0.83,
            0.83,
            0.85,
            0.8,
            0.77,
            0.76,
            0.85,
            0.81,
            0.82,
            0.81,
            0.84,
            0.88,
            0.83,
            0.78,
            0.81,
            0.82,
            0.77,
            0.8,
            0.84,
            0.74,
            0.83,
            0.79,
            0.83,
            0.79,
            0.75,
            0.83,
            0.76,
            0.83,
            0.83,
            0.81,
            0.78,
            0.85,
            0.76,
            0.82,
            0.78,
            0.89,
            0.79,
            0.8,
            0.85
        ]
    }
]