[
    {
        "%wins": [
            0.78,
            0.67,
            0.68,
            0.73,
            0.71,
            0.69,
            0.71,
            0.77,
            0.65,
            0.66,
            0.81,
            0.78,
            0.71,
            0.75,
            0.7,
            0.74,
            0.78,
            0.75,
            0.76,
            0.73,
            0.67,
            0.81,
            0.73,
            0.76,
            0.77,
            0.76,
            0.72,
            0.7,
            0.68,
            0.71,
            0.7,
            0.78,
            0.73,
            0.75,
            0.8,
            0.71,
            0.7,
            0.68,
            0.74,
            0.7,
            0.71,
            0.7,
            0.78,
            0.74,
            0.79,
            0.76,
            0.72,
            0.71,
            0.73,
            0.78,
            0.74,
            0.77,
            0.71,
            0.76,
            0.77,
            0.74,
            0.7,
            0.78,
            0.79,
            0.7,
            0.82,
            0.76,
            0.78,
            0.8,
            0.72,
            0.68,
            0.75,
            0.82,
            0.76,
            0.75,
            0.64,
            0.72,
            0.62,
            0.71,
            0.67,
            0.67,
            0.8,
            0.82,
            0.76,
            0.75,
            0.77,
            0.71,
            0.67,
            0.7,
            0.75,
            0.74,
            0.75,
            0.69,
            0.76,
            0.74,
            0.75,
            0.75,
            0.73,
            0.78,
            0.74,
            0.69,
            0.8,
            0.85,
            0.79,
            0.72
        ]
    },
    {
        "%wins": [
            0.76,
            0.73,
            0.65,
            0.65,
            0.74,
            0.73,
            0.77,
            0.76,
            0.78,
            0.73,
            0.7,
            0.73,
            0.84,
            0.68,
            0.75,
            0.8,
            0.75,
            0.72,
            0.7,
            0.7,
            0.78,
            0.65,
            0.76,
            0.72,
            0.72,
            0.72,
            0.66,
            0.78,
            0.77,
            0.77,
            0.72,
            0.69,
            0.79,
            0.71,
            0.75,
            0.73,
            0.85,
            0.78,
            0.73,
            0.73,
            0.8,
            0.75,
            0.73,
            0.7,
            0.76,
            0.69,
            0.75,
            0.71,
            0.8,
            0.7,
            0.77,
            0.66,
            0.75,
            0.69,
            0.81,
            0.74,
            0.69,
            0.72,
            0.76,
            0.75,
            0.64,
            0.78,
            0.78,
            0.77,
            0.76,
            0.79,
            0.69,
            0.72,
            0.76,
            0.72,
            0.76,
            0.77,
            0.78,
            0.72,
            0.75,
            0.8,
            0.67,
            0.77,
            0.77,
            0.77,
            0.84,
            0.76,
            0.77,
            0.73,
            0.67,
            0.69,
            0.8,
            0.84,
            0.74,
            0.73,
            0.79,
            0.71,
            0.77,
            0.75,
            0.79,
            0.74,
            0.78,
            0.75,
            0.77,
            0.7
        ]
    },
    {
        "%wins": [
            0.66,
            0.75,
            0.78,
            0.72,
            0.8,
            0.82,
            0.67,
            0.72,
            0.64,
            0.79,
            0.74,
            0.76,
            0.73,
            0.72,
            0.68,
            0.76,
            0.76,
            0.71,
            0.73,
            0.76,
            0.67,
            0.75,
            0.73,
            0.67,
            0.76,
            0.8,
            0.77,
            0.69,
            0.84,
            0.71,
            0.78,
            0.79,
            0.72,
            0.76,
            0.7,
            0.79,
            0.69,
            0.71,
            0.69,
            0.71,
            0.78,
            0.81,
            0.81,
            0.85,
            0.69,
            0.71,
            0.79,
            0.73,
            0.7,
            0.79,
            0.78,
            0.74,
            0.86,
            0.68,
            0.7,
            0.79,
            0.79,
            0.79,
            0.77,
            0.78,
            0.76,
            0.74,
            0.71,
            0.76,
            0.79,
            0.66,
            0.78,
            0.75,
            0.7,
            0.71,
            0.78,
            0.67,
            0.74,
            0.77,
            0.62,
            0.72,
            0.72,
            0.68,
            0.67,
            0.75,
            0.67,
            0.75,
            0.74,
            0.71,
            0.73,
            0.66,
            0.82,
            0.75,
            0.72,
            0.7,
            0.77,
            0.73,
            0.7,
            0.78,
            0.72,
            0.71,
            0.73,
            0.73,
            0.77,
            0.69
        ]
    },
    {
        "%wins": [
            0.78,
            0.67,
            0.68,
            0.73,
            0.71,
            0.69,
            0.71,
            0.77,
            0.65,
            0.66,
            0.81,
            0.78,
            0.71,
            0.75,
            0.7,
            0.74,
            0.78,
            0.75,
            0.76,
            0.73,
            0.67,
            0.81,
            0.73,
            0.76,
            0.77,
            0.76,
            0.72,
            0.7,
            0.68,
            0.71,
            0.7,
            0.78,
            0.73,
            0.75,
            0.8,
            0.71,
            0.7,
            0.68,
            0.74,
            0.7,
            0.71,
            0.7,
            0.78,
            0.74,
            0.79,
            0.76,
            0.72,
            0.71,
            0.73,
            0.78,
            0.74,
            0.77,
            0.71,
            0.76,
            0.77,
            0.74,
            0.7,
            0.78,
            0.79,
            0.7,
            0.82,
            0.76,
            0.78,
            0.8,
            0.72,
            0.68,
            0.75,
            0.82,
            0.76,
            0.75,
            0.64,
            0.72,
            0.62,
            0.71,
            0.67,
            0.67,
            0.8,
            0.82,
            0.76,
            0.75,
            0.77,
            0.71,
            0.67,
            0.7,
            0.75,
            0.74,
            0.75,
            0.69,
            0.76,
            0.74,
            0.75,
            0.75,
            0.73,
            0.78,
            0.74,
            0.69,
            0.8,
            0.85,
            0.79,
            0.72
        ]
    },
    {
        "%wins": [
            0.76,
            0.73,
            0.65,
            0.65,
            0.74,
            0.73,
            0.77,
            0.76,
            0.78,
            0.73,
            0.7,
            0.73,
            0.84,
            0.68,
            0.75,
            0.8,
            0.75,
            0.72,
            0.7,
            0.7,
            0.78,
            0.65,
            0.76,
            0.72,
            0.72,
            0.72,
            0.66,
            0.78,
            0.77,
            0.77,
            0.72,
            0.69,
            0.79,
            0.71,
            0.75,
            0.73,
            0.85,
            0.78,
            0.73,
            0.73,
            0.8,
            0.75,
            0.73,
            0.7,
            0.76,
            0.69,
            0.75,
            0.71,
            0.8,
            0.7,
            0.77,
            0.66,
            0.75,
            0.69,
            0.81,
            0.74,
            0.69,
            0.72,
            0.76,
            0.75,
            0.64,
            0.78,
            0.78,
            0.77,
            0.76,
            0.79,
            0.69,
            0.72,
            0.76,
            0.72,
            0.76,
            0.77,
            0.78,
            0.72,
            0.75,
            0.8,
            0.67,
            0.77,
            0.77,
            0.77,
            0.84,
            0.76,
            0.77,
            0.73,
            0.67,
            0.69,
            0.8,
            0.84,
            0.74,
            0.73,
            0.79,
            0.71,
            0.77,
            0.75,
            0.79,
            0.74,
            0.78,
            0.75,
            0.77,
            0.7
        ]
    },
    {
        "%wins": [
            0.66,
            0.75,
            0.78,
            0.72,
            0.8,
            0.82,
            0.67,
            0.72,
            0.64,
            0.79,
            0.74,
            0.76,
            0.73,
            0.72,
            0.68,
            0.76,
            0.76,
            0.71,
            0.73,
            0.76,
            0.67,
            0.75,
            0.73,
            0.67,
            0.76,
            0.8,
            0.77,
            0.69,
            0.84,
            0.71,
            0.78,
            0.79,
            0.72,
            0.76,
            0.7,
            0.79,
            0.69,
            0.71,
            0.69,
            0.71,
            0.78,
            0.81,
            0.81,
            0.85,
            0.69,
            0.71,
            0.79,
            0.73,
            0.7,
            0.79,
            0.78,
            0.74,
            0.86,
            0.68,
            0.7,
            0.79,
            0.79,
            0.79,
            0.77,
            0.78,
            0.76,
            0.74,
            0.71,
            0.76,
            0.79,
            0.66,
            0.78,
            0.75,
            0.7,
            0.71,
            0.78,
            0.67,
            0.74,
            0.77,
            0.62,
            0.72,
            0.72,
            0.68,
            0.67,
            0.75,
            0.67,
            0.75,
            0.74,
            0.71,
            0.73,
            0.66,
            0.82,
            0.75,
            0.72,
            0.7,
            0.77,
            0.73,
            0.7,
            0.78,
            0.72,
            0.71,
            0.73,
            0.73,
            0.77,
            0.69
        ]
    },
    {
        "%wins": [
            0.78,
            0.67,
            0.68,
            0.73,
            0.71,
            0.69,
            0.71,
            0.77,
            0.65,
            0.66,
            0.81,
            0.78,
            0.71,
            0.75,
            0.7,
            0.74,
            0.78,
            0.75,
            0.76,
            0.73,
            0.67,
            0.81,
            0.73,
            0.76,
            0.77,
            0.76,
            0.72,
            0.7,
            0.68,
            0.71,
            0.7,
            0.78,
            0.73,
            0.75,
            0.8,
            0.71,
            0.7,
            0.68,
            0.74,
            0.7,
            0.71,
            0.7,
            0.78,
            0.74,
            0.79,
            0.76,
            0.72,
            0.71,
            0.73,
            0.78,
            0.74,
            0.77,
            0.71,
            0.76,
            0.77,
            0.74,
            0.7,
            0.78,
            0.79,
            0.7,
            0.82,
            0.76,
            0.78,
            0.8,
            0.72,
            0.68,
            0.75,
            0.82,
            0.76,
            0.75,
            0.64,
            0.72,
            0.62,
            0.71,
            0.67,
            0.67,
            0.8,
            0.82,
            0.76,
            0.75,
            0.77,
            0.71,
            0.67,
            0.7,
            0.75,
            0.74,
            0.75,
            0.69,
            0.76,
            0.74,
            0.75,
            0.75,
            0.73,
            0.78,
            0.74,
            0.69,
            0.8,
            0.85,
            0.79,
            0.72
        ]
    },
    {
        "%wins": [
            0.76,
            0.73,
            0.65,
            0.65,
            0.74,
            0.73,
            0.77,
            0.76,
            0.78,
            0.73,
            0.7,
            0.73,
            0.84,
            0.68,
            0.75,
            0.8,
            0.75,
            0.72,
            0.7,
            0.7,
            0.78,
            0.65,
            0.76,
            0.72,
            0.72,
            0.72,
            0.66,
            0.78,
            0.77,
            0.77,
            0.72,
            0.69,
            0.79,
            0.71,
            0.75,
            0.73,
            0.85,
            0.78,
            0.73,
            0.73,
            0.8,
            0.75,
            0.73,
            0.7,
            0.76,
            0.69,
            0.75,
            0.71,
            0.8,
            0.7,
            0.77,
            0.66,
            0.75,
            0.69,
            0.81,
            0.74,
            0.69,
            0.72,
            0.76,
            0.75,
            0.64,
            0.78,
            0.78,
            0.77,
            0.76,
            0.79,
            0.69,
            0.72,
            0.76,
            0.72,
            0.76,
            0.77,
            0.78,
            0.72,
            0.75,
            0.8,
            0.67,
            0.77,
            0.77,
            0.77,
            0.84,
            0.76,
            0.77,
            0.73,
            0.67,
            0.69,
            0.8,
            0.84,
            0.74,
            0.73,
            0.79,
            0.71,
            0.77,
            0.75,
            0.79,
            0.74,
            0.78,
            0.75,
            0.77,
            0.7
        ]
    },
    {
        "%wins": [
            0.66,
            0.75,
            0.78,
            0.72,
            0.8,
            0.82,
            0.67,
            0.72,
            0.64,
            0.79,
            0.74,
            0.76,
            0.73,
            0.72,
            0.68,
            0.76,
            0.76,
            0.71,
            0.73,
            0.76,
            0.67,
            0.75,
            0.73,
            0.67,
            0.76,
            0.8,
            0.77,
            0.69,
            0.84,
            0.71,
            0.78,
            0.79,
            0.72,
            0.76,
            0.7,
            0.79,
            0.69,
            0.71,
            0.69,
            0.71,
            0.78,
            0.81,
            0.81,
            0.85,
            0.69,
            0.71,
            0.79,
            0.73,
            0.7,
            0.79,
            0.78,
            0.74,
            0.86,
            0.68,
            0.7,
            0.79,
            0.79,
            0.79,
            0.77,
            0.78,
            0.76,
            0.74,
            0.71,
            0.76,
            0.79,
            0.66,
            0.78,
            0.75,
            0.7,
            0.71,
            0.78,
            0.67,
            0.74,
            0.77,
            0.62,
            0.72,
            0.72,
            0.68,
            0.67,
            0.75,
            0.67,
            0.75,
            0.74,
            0.71,
            0.73,
            0.66,
            0.82,
            0.75,
            0.72,
            0.7,
            0.77,
            0.73,
            0.7,
            0.78,
            0.72,
            0.71,
            0.73,
            0.73,
            0.77,
            0.69
        ]
    },
    {
        "%wins": [
            0.78,
            0.67,
            0.68,
            0.73,
            0.71,
            0.69,
            0.71,
            0.77,
            0.65,
            0.66,
            0.81,
            0.78,
            0.71,
            0.75,
            0.7,
            0.74,
            0.78,
            0.75,
            0.76,
            0.73,
            0.67,
            0.81,
            0.73,
            0.76,
            0.77,
            0.76,
            0.72,
            0.7,
            0.68,
            0.71,
            0.7,
            0.78,
            0.73,
            0.75,
            0.8,
            0.71,
            0.7,
            0.68,
            0.74,
            0.7,
            0.71,
            0.7,
            0.78,
            0.74,
            0.79,
            0.76,
            0.72,
            0.71,
            0.73,
            0.78,
            0.74,
            0.77,
            0.71,
            0.76,
            0.77,
            0.74,
            0.7,
            0.78,
            0.79,
            0.7,
            0.82,
            0.76,
            0.78,
            0.8,
            0.72,
            0.68,
            0.75,
            0.82,
            0.76,
            0.75,
            0.64,
            0.72,
            0.62,
            0.71,
            0.67,
            0.67,
            0.8,
            0.82,
            0.76,
            0.75,
            0.77,
            0.71,
            0.67,
            0.7,
            0.75,
            0.74,
            0.75,
            0.69,
            0.76,
            0.74,
            0.75,
            0.75,
            0.73,
            0.78,
            0.74,
            0.69,
            0.8,
            0.85,
            0.79,
            0.72
        ]
    }
]