[
    {
        "%wins": [
            0.25,
            0.27,
            0.33,
            0.29,
            0.29,
            0.28,
            0.27,
            0.25,
            0.32,
            0.24,
            0.26,
            0.24,
            0.32,
            0.22,
            0.21,
            0.34,
            0.24,
            0.2,
            0.21,
            0.3,
            0.22,
            0.31,
            0.2,
            0.28,
            0.23,
            0.25,
            0.28,
            0.28,
            0.33,
            0.32,
            0.32,
            0.22,
            0.26,
            0.24,
            0.25,
            0.29,
            0.31,
            0.25,
            0.25,
            0.31,
            0.18,
            0.29,
            0.32,
            0.26,
            0.28,
            0.29,
            0.24,
            0.24,
            0.27,
            0.25,
            0.24,
            0.31,
            0.3,
            0.3,
            0.27,
            0.21,
            0.19,
            0.36,
            0.27,
            0.28,
            0.25,
            0.18,
            0.24,
            0.24,
            0.16,
            0.26,
            0.18,
            0.25,
            0.3,
            0.33,
            0.23,
            0.2,
            0.29,
            0.2,
            0.18,
            0.22,
            0.3,
            0.18,
            0.26,
            0.23,
            0.26,
            0.34,
            0.22,
            0.17,
            0.3,
            0.2,
            0.3,
            0.25,
            0.24,
            0.23,
            0.32,
            0.32,
            0.3,
            0.25,
            0.35,
            0.23,
            0.31,
            0.27,
            0.24,
            0.22
        ]
    },
    {
        "%wins": [
            0.24,
            0.26,
            0.27,
            0.29,
            0.26,
            0.24,
            0.2,
            0.33,
            0.26,
            0.22,
            0.29,
            0.21,
            0.29,
            0.28,
            0.23,
            0.22,
            0.28,
            0.24,
            0.28,
            0.25,
            0.29,
            0.22,
            0.27,
            0.29,
            0.27,
            0.23,
            0.24,
            0.26,
            0.29,
            0.22,
            0.3,
            0.28,
            0.27,
            0.24,
            0.24,
            0.26,
            0.25,
            0.25,
            0.34,
            0.23,
            0.39,
            0.3,
            0.3,
            0.24,
            0.25,
            0.3,
            0.31,
            0.37,
            0.25,
            0.23,
            0.29,
            0.35,
            0.23,
            0.23,
            0.25,
            0.28,
            0.31,
            0.29,
            0.24,
            0.13,
            0.25,
            0.31,
            0.2,
            0.23,
            0.2,
            0.27,
            0.24,
            0.26,
            0.31,
            0.28,
            0.22,
            0.3,
            0.23,
            0.3,
            0.22,
            0.32,
            0.29,
            0.27,
            0.36,
            0.26,
            0.25,
            0.31,
            0.21,
            0.29,
            0.23,
            0.25,
            0.23,
            0.3,
            0.33,
            0.29,
            0.26,
            0.3,
            0.28,
            0.27,
            0.29,
            0.25,
            0.3,
            0.28,
            0.22,
            0.22
        ]
    },
    {
        "%wins": [
            0.31,
            0.29,
            0.2,
            0.27,
            0.28,
            0.31,
            0.28,
            0.34,
            0.24,
            0.21,
            0.24,
            0.39,
            0.29,
            0.24,
            0.27,
            0.31,
            0.27,
            0.25,
            0.2,
            0.2,
            0.25,
            0.26,
            0.27,
            0.25,
            0.28,
            0.29,
            0.28,
            0.23,
            0.25,
            0.29,
            0.24,
            0.3,
            0.22,
            0.35,
            0.24,
            0.18,
            0.26,
            0.29,
            0.27,
            0.25,
            0.24,
            0.34,
            0.19,
            0.27,
            0.3,
            0.3,
            0.28,
            0.33,
            0.27,
            0.35,
            0.25,
            0.27,
            0.26,
            0.29,
            0.21,
            0.26,
            0.24,
            0.24,
            0.25,
            0.26,
            0.27,
            0.27,
            0.27,
            0.28,
            0.31,
            0.21,
            0.21,
            0.32,
            0.24,
            0.28,
            0.25,
            0.22,
            0.28,
            0.21,
            0.26,
            0.2,
            0.24,
            0.17,
            0.27,
            0.32,
            0.25,
            0.25,
            0.22,
            0.26,
            0.29,
            0.29,
            0.24,
            0.27,
            0.27,
            0.21,
            0.31,
            0.28,
            0.25,
            0.31,
            0.29,
            0.3,
            0.26,
            0.29,
            0.28,
            0.24
        ]
    },
    {
        "%wins": [
            0.28,
            0.24,
            0.3,
            0.29,
            0.22,
            0.24,
            0.29,
            0.31,
            0.18,
            0.19,
            0.3,
            0.21,
            0.32,
            0.2,
            0.27,
            0.22,
            0.27,
            0.26,
            0.25,
            0.37,
            0.34,
            0.28,
            0.24,
            0.25,
            0.28,
            0.22,
            0.24,
            0.37,
            0.21,
            0.29,
            0.28,
            0.18,
            0.31,
            0.33,
            0.24,
            0.24,
            0.32,
            0.28,
            0.25,
            0.25,
            0.23,
            0.3,
            0.24,
            0.31,
            0.32,
            0.28,
            0.2,
            0.16,
            0.34,
            0.29,
            0.26,
            0.29,
            0.22,
            0.2,
            0.24,
            0.17,
            0.26,
            0.24,
            0.19,
            0.25,
            0.35,
            0.26,
            0.22,
            0.23,
            0.24,
            0.17,
            0.26,
            0.23,
            0.22,
            0.23,
            0.23,
            0.28,
            0.31,
            0.24,
            0.2,
            0.27,
            0.22,
            0.29,
            0.26,
            0.24,
            0.19,
            0.32,
            0.33,
            0.28,
            0.28,
            0.32,
            0.29,
            0.3,
            0.26,
            0.25,
            0.27,
            0.17,
            0.25,
            0.27,
            0.28,
            0.3,
            0.25,
            0.21,
            0.27,
            0.31
        ]
    },
    {
        "%wins": [
            0.21,
            0.27,
            0.24,
            0.28,
            0.26,
            0.23,
            0.21,
            0.3,
            0.21,
            0.33,
            0.23,
            0.28,
            0.24,
            0.24,
            0.32,
            0.27,
            0.23,
            0.24,
            0.2,
            0.32,
            0.26,
            0.29,
            0.23,
            0.3,
            0.28,
            0.23,
            0.2,
            0.3,
            0.19,
            0.34,
            0.32,
            0.31,
            0.28,
            0.32,
            0.29,
            0.23,
            0.3,
            0.3,
            0.33,
            0.33,
            0.18,
            0.3,
            0.36,
            0.28,
            0.18,
            0.25,
            0.3,
            0.3,
            0.3,
            0.23,
            0.18,
            0.18,
            0.28,
            0.25,
            0.26,
            0.18,
            0.23,
            0.26,
            0.26,
            0.33,
            0.24,
            0.29,
            0.24,
            0.25,
            0.25,
            0.32,
            0.25,
            0.31,
            0.27,
            0.33,
            0.31,
            0.22,
            0.33,
            0.18,
            0.32,
            0.23,
            0.25,
            0.2,
            0.3,
            0.33,
            0.27,
            0.3,
            0.29,
            0.26,
            0.3,
            0.25,
            0.27,
            0.34,
            0.25,
            0.29,
            0.16,
            0.28,
            0.25,
            0.26,
            0.26,
            0.27,
            0.22,
            0.31,
            0.25,
            0.3
        ]
    },
    {
        "%wins": [
            0.18,
            0.36,
            0.25,
            0.19,
            0.32,
            0.25,
            0.31,
            0.3,
            0.32,
            0.21,
            0.23,
            0.27,
            0.35,
            0.27,
            0.32,
            0.21,
            0.33,
            0.29,
            0.23,
            0.16,
            0.22,
            0.26,
            0.24,
            0.28,
            0.28,
            0.26,
            0.32,
            0.21,
            0.27,
            0.24,
            0.3,
            0.27,
            0.25,
            0.24,
            0.35,
            0.19,
            0.26,
            0.26,
            0.24,
            0.28,
            0.23,
            0.27,
            0.35,
            0.21,
            0.23,
            0.32,
            0.29,
            0.32,
            0.3,
            0.28,
            0.34,
            0.25,
            0.25,
            0.27,
            0.28,
            0.21,
            0.26,
            0.22,
            0.29,
            0.23,
            0.26,
            0.29,
            0.23,
            0.25,
            0.32,
            0.31,
            0.19,
            0.25,
            0.3,
            0.22,
            0.33,
            0.2,
            0.25,
            0.27,
            0.25,
            0.17,
            0.26,
            0.2,
            0.2,
            0.29,
            0.29,
            0.26,
            0.24,
            0.22,
            0.29,
            0.26,
            0.29,
            0.24,
            0.28,
            0.26,
            0.21,
            0.31,
            0.25,
            0.29,
            0.33,
            0.28,
            0.29,
            0.26,
            0.28,
            0.27
        ]
    },
    {
        "%wins": [
            0.31,
            0.24,
            0.27,
            0.23,
            0.31,
            0.24,
            0.22,
            0.3,
            0.28,
            0.19,
            0.22,
            0.28,
            0.23,
            0.3,
            0.2,
            0.27,
            0.22,
            0.28,
            0.29,
            0.25,
            0.33,
            0.34,
            0.3,
            0.22,
            0.25,
            0.28,
            0.23,
            0.26,
            0.34,
            0.22,
            0.28,
            0.29,
            0.19,
            0.3,
            0.34,
            0.24,
            0.23,
            0.34,
            0.25,
            0.23,
            0.28,
            0.24,
            0.26,
            0.26,
            0.32,
            0.32,
            0.28,
            0.18,
            0.21,
            0.36,
            0.25,
            0.27,
            0.29,
            0.16,
            0.24,
            0.22,
            0.18,
            0.25,
            0.2,
            0.23,
            0.3,
            0.31,
            0.25,
            0.19,
            0.3,
            0.22,
            0.14,
            0.25,
            0.28,
            0.2,
            0.26,
            0.23,
            0.26,
            0.33,
            0.22,
            0.18,
            0.26,
            0.24,
            0.3,
            0.25,
            0.24,
            0.21,
            0.32,
            0.32,
            0.32,
            0.24,
            0.33,
            0.27,
            0.31,
            0.26,
            0.25,
            0.23,
            0.18,
            0.29,
            0.29,
            0.26,
            0.27,
            0.24,
            0.22,
            0.3
        ]
    },
    {
        "%wins": [
            0.28,
            0.22,
            0.29,
            0.23,
            0.27,
            0.28,
            0.24,
            0.18,
            0.32,
            0.22,
            0.3,
            0.26,
            0.27,
            0.24,
            0.26,
            0.28,
            0.29,
            0.2,
            0.24,
            0.28,
            0.28,
            0.23,
            0.3,
            0.25,
            0.29,
            0.26,
            0.23,
            0.22,
            0.26,
            0.24,
            0.36,
            0.26,
            0.35,
            0.3,
            0.3,
            0.27,
            0.23,
            0.31,
            0.32,
            0.37,
            0.24,
            0.22,
            0.27,
            0.39,
            0.22,
            0.22,
            0.28,
            0.27,
            0.32,
            0.24,
            0.25,
            0.17,
            0.22,
            0.3,
            0.21,
            0.24,
            0.2,
            0.27,
            0.24,
            0.23,
            0.36,
            0.25,
            0.23,
            0.29,
            0.23,
            0.29,
            0.25,
            0.31,
            0.29,
            0.27,
            0.36,
            0.27,
            0.23,
            0.31,
            0.22,
            0.29,
            0.22,
            0.26,
            0.2,
            0.33,
            0.32,
            0.29,
            0.26,
            0.3,
            0.3,
            0.26,
            0.28,
            0.26,
            0.31,
            0.26,
            0.24,
            0.2,
            0.3,
            0.23,
            0.28,
            0.26,
            0.22,
            0.32,
            0.25,
            0.23
        ]
    },
    {
        "%wins": [
            0.18,
            0.36,
            0.25,
            0.19,
            0.32,
            0.25,
            0.31,
            0.3,
            0.32,
            0.21,
            0.23,
            0.27,
            0.35,
            0.27,
            0.32,
            0.21,
            0.33,
            0.29,
            0.23,
            0.16,
            0.22,
            0.26,
            0.24,
            0.28,
            0.28,
            0.26,
            0.32,
            0.21,
            0.27,
            0.24,
            0.3,
            0.27,
            0.25,
            0.24,
            0.35,
            0.19,
            0.26,
            0.26,
            0.24,
            0.28,
            0.23,
            0.27,
            0.35,
            0.21,
            0.23,
            0.32,
            0.29,
            0.32,
            0.3,
            0.28,
            0.34,
            0.25,
            0.25,
            0.27,
            0.28,
            0.21,
            0.26,
            0.22,
            0.29,
            0.23,
            0.26,
            0.29,
            0.23,
            0.25,
            0.32,
            0.31,
            0.19,
            0.25,
            0.3,
            0.22,
            0.33,
            0.2,
            0.25,
            0.27,
            0.25,
            0.17,
            0.26,
            0.2,
            0.2,
            0.29,
            0.29,
            0.26,
            0.24,
            0.22,
            0.29,
            0.26,
            0.29,
            0.24,
            0.28,
            0.26,
            0.21,
            0.31,
            0.25,
            0.29,
            0.33,
            0.28,
            0.29,
            0.26,
            0.28,
            0.27
        ]
    },
    {
        "%wins": [
            0.31,
            0.24,
            0.27,
            0.23,
            0.31,
            0.24,
            0.22,
            0.3,
            0.28,
            0.19,
            0.22,
            0.28,
            0.23,
            0.3,
            0.2,
            0.27,
            0.22,
            0.28,
            0.29,
            0.25,
            0.33,
            0.34,
            0.3,
            0.22,
            0.25,
            0.28,
            0.23,
            0.26,
            0.34,
            0.22,
            0.28,
            0.29,
            0.19,
            0.3,
            0.34,
            0.24,
            0.23,
            0.34,
            0.25,
            0.23,
            0.28,
            0.24,
            0.26,
            0.26,
            0.32,
            0.32,
            0.28,
            0.18,
            0.21,
            0.36,
            0.25,
            0.27,
            0.29,
            0.16,
            0.24,
            0.22,
            0.18,
            0.25,
            0.2,
            0.23,
            0.3,
            0.31,
            0.25,
            0.19,
            0.3,
            0.22,
            0.14,
            0.25,
            0.28,
            0.2,
            0.26,
            0.23,
            0.26,
            0.33,
            0.22,
            0.18,
            0.26,
            0.24,
            0.3,
            0.25,
            0.24,
            0.21,
            0.32,
            0.32,
            0.32,
            0.24,
            0.33,
            0.27,
            0.31,
            0.26,
            0.25,
            0.23,
            0.18,
            0.29,
            0.29,
            0.26,
            0.27,
            0.24,
            0.22,
            0.3
        ]
    }
]