[
    {
        "%wins": [
            0.42,
            0.43,
            0.34,
            0.5,
            0.44,
            0.43,
            0.45,
            0.47,
            0.51,
            0.42,
            0.48,
            0.49,
            0.4,
            0.43,
            0.46,
            0.44,
            0.45,
            0.46,
            0.35,
            0.43,
            0.4,
            0.35,
            0.39,
            0.44,
            0.42,
            0.36,
            0.48,
            0.4,
            0.51,
            0.48,
            0.45,
            0.43,
            0.56,
            0.45,
            0.46,
            0.52,
            0.43,
            0.46,
            0.51,
            0.36,
            0.46,
            0.44,
            0.4,
            0.43,
            0.35,
            0.43,
            0.41,
            0.38,
            0.44,
            0.47,
            0.47,
            0.44,
            0.46,
            0.38,
            0.49,
            0.52,
            0.48,
            0.49,
            0.44,
            0.47,
            0.38,
            0.43,
            0.47,
            0.44,
            0.48,
            0.46,
            0.46,
            0.51,
            0.38,
            0.45,
            0.39,
            0.44,
            0.44,
            0.36,
            0.47,
            0.5,
            0.44,
            0.48,
            0.55,
            0.49,
            0.41,
            0.39,
            0.38,
            0.45,
            0.43,
            0.51,
            0.38,
            0.51,
            0.4,
            0.47,
            0.41,
            0.46,
            0.4,
            0.45,
            0.45,
            0.48,
            0.5,
            0.41,
            0.4,
            0.41
        ]
    },
    {
        "%wins": [
            0.41,
            0.34,
            0.51,
            0.39,
            0.41,
            0.42,
            0.43,
            0.37,
            0.42,
            0.45,
            0.39,
            0.45,
            0.42,
            0.43,
            0.48,
            0.43,
            0.48,
            0.45,
            0.44,
            0.5,
            0.42,
            0.44,
            0.43,
            0.43,
            0.53,
            0.34,
            0.43,
            0.42,
            0.47,
            0.42,
            0.39,
            0.37,
            0.57,
            0.41,
            0.42,
            0.54,
            0.44,
            0.4,
            0.52,
            0.5,
            0.58,
            0.46,
            0.42,
            0.46,
            0.49,
            0.46,
            0.49,
            0.38,
            0.4,
            0.5,
            0.39,
            0.49,
            0.5,
            0.37,
            0.49,
            0.41,
            0.4,
            0.41,
            0.45,
            0.49,
            0.48,
            0.45,
            0.42,
            0.5,
            0.49,
            0.43,
            0.4,
            0.44,
            0.46,
            0.41,
            0.44,
            0.46,
            0.49,
            0.44,
            0.52,
            0.37,
            0.37,
            0.4,
            0.41,
            0.48,
            0.52,
            0.41,
            0.42,
            0.46,
            0.45,
            0.44,
            0.41,
            0.47,
            0.5,
            0.43,
            0.45,
            0.44,
            0.49,
            0.47,
            0.45,
            0.5,
            0.48,
            0.47,
            0.46,
            0.34
        ]
    },
    {
        "%wins": [
            0.51,
            0.45,
            0.45,
            0.5,
            0.45,
            0.47,
            0.43,
            0.48,
            0.44,
            0.5,
            0.4,
            0.47,
            0.41,
            0.5,
            0.47,
            0.4,
            0.46,
            0.44,
            0.41,
            0.39,
            0.41,
            0.44,
            0.49,
            0.46,
            0.48,
            0.43,
            0.41,
            0.48,
            0.48,
            0.49,
            0.52,
            0.39,
            0.47,
            0.41,
            0.42,
            0.45,
            0.43,
            0.45,
            0.42,
            0.52,
            0.48,
            0.5,
            0.38,
            0.42,
            0.49,
            0.4,
            0.49,
            0.39,
            0.51,
            0.42,
            0.56,
            0.5,
            0.42,
            0.47,
            0.5,
            0.4,
            0.37,
            0.42,
            0.41,
            0.51,
            0.43,
            0.45,
            0.47,
            0.5,
            0.37,
            0.4,
            0.5,
            0.43,
            0.47,
            0.44,
            0.42,
            0.46,
            0.5,
            0.31,
            0.49,
            0.45,
            0.53,
            0.45,
            0.47,
            0.46,
            0.44,
            0.46,
            0.43,
            0.45,
            0.43,
            0.45,
            0.44,
            0.47,
            0.54,
            0.43,
            0.49,
            0.5,
            0.45,
            0.39,
            0.49,
            0.42,
            0.49,
            0.51,
            0.42,
            0.55
        ]
    },
    {
        "%wins": [
            0.4,
            0.45,
            0.37,
            0.41,
            0.51,
            0.42,
            0.4,
            0.46,
            0.53,
            0.48,
            0.41,
            0.49,
            0.42,
            0.43,
            0.46,
            0.4,
            0.53,
            0.42,
            0.4,
            0.41,
            0.37,
            0.35,
            0.41,
            0.41,
            0.39,
            0.43,
            0.38,
            0.5,
            0.44,
            0.52,
            0.44,
            0.44,
            0.54,
            0.49,
            0.42,
            0.5,
            0.45,
            0.48,
            0.53,
            0.36,
            0.42,
            0.43,
            0.47,
            0.37,
            0.37,
            0.4,
            0.5,
            0.35,
            0.38,
            0.51,
            0.44,
            0.45,
            0.5,
            0.39,
            0.4,
            0.53,
            0.53,
            0.45,
            0.49,
            0.43,
            0.47,
            0.34,
            0.44,
            0.49,
            0.47,
            0.48,
            0.41,
            0.54,
            0.44,
            0.39,
            0.39,
            0.45,
            0.47,
            0.38,
            0.42,
            0.49,
            0.43,
            0.49,
            0.53,
            0.5,
            0.45,
            0.39,
            0.35,
            0.46,
            0.42,
            0.44,
            0.45,
            0.47,
            0.43,
            0.44,
            0.48,
            0.44,
            0.42,
            0.42,
            0.48,
            0.43,
            0.52,
            0.42,
            0.39,
            0.47
        ]
    },
    {
        "%wins": [
            0.38,
            0.36,
            0.45,
            0.43,
            0.42,
            0.39,
            0.47,
            0.34,
            0.47,
            0.4,
            0.4,
            0.41,
            0.46,
            0.42,
            0.46,
            0.47,
            0.44,
            0.46,
            0.44,
            0.45,
            0.47,
            0.46,
            0.42,
            0.43,
            0.46,
            0.42,
            0.36,
            0.48,
            0.45,
            0.46,
            0.34,
            0.46,
            0.46,
            0.47,
            0.4,
            0.5,
            0.48,
            0.44,
            0.44,
            0.49,
            0.6,
            0.48,
            0.45,
            0.42,
            0.48,
            0.48,
            0.48,
            0.42,
            0.39,
            0.47,
            0.46,
            0.41,
            0.5,
            0.47,
            0.42,
            0.42,
            0.41,
            0.36,
            0.49,
            0.52,
            0.42,
            0.48,
            0.4,
            0.5,
            0.48,
            0.44,
            0.44,
            0.4,
            0.47,
            0.44,
            0.41,
            0.48,
            0.42,
            0.48,
            0.5,
            0.46,
            0.35,
            0.37,
            0.42,
            0.47,
            0.47,
            0.46,
            0.41,
            0.43,
            0.45,
            0.49,
            0.4,
            0.46,
            0.54,
            0.37,
            0.5,
            0.41,
            0.48,
            0.47,
            0.44,
            0.48,
            0.49,
            0.5,
            0.46,
            0.36
        ]
    },
    {
        "%wins": [
            0.51,
            0.45,
            0.45,
            0.5,
            0.45,
            0.47,
            0.43,
            0.48,
            0.44,
            0.5,
            0.4,
            0.47,
            0.41,
            0.5,
            0.47,
            0.4,
            0.46,
            0.44,
            0.41,
            0.39,
            0.41,
            0.44,
            0.49,
            0.46,
            0.48,
            0.43,
            0.41,
            0.48,
            0.48,
            0.49,
            0.52,
            0.39,
            0.47,
            0.41,
            0.42,
            0.45,
            0.43,
            0.45,
            0.42,
            0.52,
            0.48,
            0.5,
            0.38,
            0.42,
            0.49,
            0.4,
            0.49,
            0.39,
            0.51,
            0.42,
            0.56,
            0.5,
            0.42,
            0.47,
            0.5,
            0.4,
            0.37,
            0.42,
            0.41,
            0.51,
            0.43,
            0.45,
            0.47,
            0.5,
            0.37,
            0.4,
            0.5,
            0.43,
            0.47,
            0.44,
            0.42,
            0.46,
            0.5,
            0.31,
            0.49,
            0.45,
            0.53,
            0.45,
            0.47,
            0.46,
            0.44,
            0.46,
            0.43,
            0.45,
            0.43,
            0.45,
            0.44,
            0.47,
            0.54,
            0.43,
            0.49,
            0.5,
            0.45,
            0.39,
            0.49,
            0.42,
            0.49,
            0.51,
            0.42,
            0.55
        ]
    },
    {
        "%wins": [
            0.4,
            0.45,
            0.37,
            0.41,
            0.51,
            0.42,
            0.4,
            0.46,
            0.53,
            0.48,
            0.41,
            0.49,
            0.42,
            0.43,
            0.46,
            0.4,
            0.53,
            0.42,
            0.4,
            0.41,
            0.37,
            0.35,
            0.41,
            0.41,
            0.39,
            0.43,
            0.38,
            0.5,
            0.44,
            0.52,
            0.44,
            0.44,
            0.54,
            0.49,
            0.42,
            0.5,
            0.45,
            0.48,
            0.53,
            0.36,
            0.42,
            0.43,
            0.47,
            0.37,
            0.37,
            0.4,
            0.5,
            0.35,
            0.38,
            0.51,
            0.44,
            0.45,
            0.5,
            0.39,
            0.4,
            0.53,
            0.53,
            0.45,
            0.49,
            0.43,
            0.47,
            0.34,
            0.44,
            0.49,
            0.47,
            0.48,
            0.41,
            0.54,
            0.44,
            0.39,
            0.39,
            0.45,
            0.47,
            0.38,
            0.42,
            0.49,
            0.43,
            0.49,
            0.53,
            0.5,
            0.45,
            0.39,
            0.35,
            0.46,
            0.42,
            0.44,
            0.45,
            0.47,
            0.43,
            0.44,
            0.48,
            0.44,
            0.42,
            0.42,
            0.48,
            0.43,
            0.52,
            0.42,
            0.39,
            0.47
        ]
    },
    {
        "%wins": [
            0.38,
            0.36,
            0.45,
            0.43,
            0.42,
            0.39,
            0.47,
            0.34,
            0.47,
            0.4,
            0.4,
            0.41,
            0.46,
            0.42,
            0.46,
            0.47,
            0.44,
            0.46,
            0.44,
            0.45,
            0.47,
            0.46,
            0.42,
            0.43,
            0.46,
            0.42,
            0.36,
            0.48,
            0.45,
            0.46,
            0.34,
            0.46,
            0.46,
            0.47,
            0.4,
            0.5,
            0.48,
            0.44,
            0.44,
            0.49,
            0.6,
            0.48,
            0.45,
            0.42,
            0.48,
            0.48,
            0.48,
            0.42,
            0.39,
            0.47,
            0.46,
            0.41,
            0.5,
            0.47,
            0.42,
            0.42,
            0.41,
            0.36,
            0.49,
            0.52,
            0.42,
            0.48,
            0.4,
            0.5,
            0.48,
            0.44,
            0.44,
            0.4,
            0.47,
            0.44,
            0.41,
            0.48,
            0.42,
            0.48,
            0.5,
            0.46,
            0.35,
            0.37,
            0.42,
            0.47,
            0.47,
            0.46,
            0.41,
            0.43,
            0.45,
            0.49,
            0.4,
            0.46,
            0.54,
            0.37,
            0.5,
            0.41,
            0.48,
            0.47,
            0.44,
            0.48,
            0.49,
            0.5,
            0.46,
            0.36
        ]
    },
    {
        "%wins": [
            0.51,
            0.45,
            0.45,
            0.5,
            0.45,
            0.47,
            0.43,
            0.48,
            0.44,
            0.5,
            0.4,
            0.47,
            0.41,
            0.5,
            0.47,
            0.4,
            0.46,
            0.44,
            0.41,
            0.39,
            0.41,
            0.44,
            0.49,
            0.46,
            0.48,
            0.43,
            0.41,
            0.48,
            0.48,
            0.49,
            0.52,
            0.39,
            0.47,
            0.41,
            0.42,
            0.45,
            0.43,
            0.45,
            0.42,
            0.52,
            0.48,
            0.5,
            0.38,
            0.42,
            0.49,
            0.4,
            0.49,
            0.39,
            0.51,
            0.42,
            0.56,
            0.5,
            0.42,
            0.47,
            0.5,
            0.4,
            0.37,
            0.42,
            0.41,
            0.51,
            0.43,
            0.45,
            0.47,
            0.5,
            0.37,
            0.4,
            0.5,
            0.43,
            0.47,
            0.44,
            0.42,
            0.46,
            0.5,
            0.31,
            0.49,
            0.45,
            0.53,
            0.45,
            0.47,
            0.46,
            0.44,
            0.46,
            0.43,
            0.45,
            0.43,
            0.45,
            0.44,
            0.47,
            0.54,
            0.43,
            0.49,
            0.5,
            0.45,
            0.39,
            0.49,
            0.42,
            0.49,
            0.51,
            0.42,
            0.55
        ]
    },
    {
        "%wins": [
            0.4,
            0.45,
            0.37,
            0.41,
            0.51,
            0.42,
            0.4,
            0.46,
            0.53,
            0.48,
            0.41,
            0.49,
            0.42,
            0.43,
            0.46,
            0.4,
            0.53,
            0.42,
            0.4,
            0.41,
            0.37,
            0.35,
            0.41,
            0.41,
            0.39,
            0.43,
            0.38,
            0.5,
            0.44,
            0.52,
            0.44,
            0.44,
            0.54,
            0.49,
            0.42,
            0.5,
            0.45,
            0.48,
            0.53,
            0.36,
            0.42,
            0.43,
            0.47,
            0.37,
            0.37,
            0.4,
            0.5,
            0.35,
            0.38,
            0.51,
            0.44,
            0.45,
            0.5,
            0.39,
            0.4,
            0.53,
            0.53,
            0.45,
            0.49,
            0.43,
            0.47,
            0.34,
            0.44,
            0.49,
            0.47,
            0.48,
            0.41,
            0.54,
            0.44,
            0.39,
            0.39,
            0.45,
            0.47,
            0.38,
            0.42,
            0.49,
            0.43,
            0.49,
            0.53,
            0.5,
            0.45,
            0.39,
            0.35,
            0.46,
            0.42,
            0.44,
            0.45,
            0.47,
            0.43,
            0.44,
            0.48,
            0.44,
            0.42,
            0.42,
            0.48,
            0.43,
            0.52,
            0.42,
            0.39,
            0.47
        ]
    }
]