[
    {
        "%wins": [
            0.21,
            0.29,
            0.2,
            0.27,
            0.17,
            0.23,
            0.19,
            0.21,
            0.18,
            0.18,
            0.17,
            0.13,
            0.3,
            0.23,
            0.32,
            0.26,
            0.26,
            0.18,
            0.17,
            0.16,
            0.19,
            0.23,
            0.31,
            0.28,
            0.34,
            0.24,
            0.21,
            0.24,
            0.24,
            0.22,
            0.23,
            0.25,
            0.24,
            0.23,
            0.26,
            0.21,
            0.25,
            0.26,
            0.24,
            0.24,
            0.27,
            0.24,
            0.28,
            0.19,
            0.31,
            0.21,
            0.4,
            0.28,
            0.24,
            0.18,
            0.26,
            0.21,
            0.26,
            0.19,
            0.18,
            0.24,
            0.26,
            0.23,
            0.2,
            0.22,
            0.17,
            0.23,
            0.23,
            0.27,
            0.17,
            0.16,
            0.2,
            0.23,
            0.21,
            0.21,
            0.19,
            0.2,
            0.17,
            0.12,
            0.27,
            0.28,
            0.16,
            0.22,
            0.3,
            0.26,
            0.24,
            0.25,
            0.29,
            0.22,
            0.22,
            0.23,
            0.22,
            0.24,
            0.24,
            0.16,
            0.28,
            0.28,
            0.15,
            0.25,
            0.18,
            0.2,
            0.28,
            0.24,
            0.17,
            0.25
        ]
    },
    {
        "%wins": [
            0.25,
            0.21,
            0.26,
            0.25,
            0.22,
            0.14,
            0.14,
            0.27,
            0.3,
            0.33,
            0.23,
            0.21,
            0.22,
            0.25,
            0.3,
            0.31,
            0.27,
            0.22,
            0.36,
            0.23,
            0.23,
            0.2,
            0.24,
            0.3,
            0.24,
            0.26,
            0.23,
            0.27,
            0.18,
            0.23,
            0.24,
            0.19,
            0.2,
            0.26,
            0.23,
            0.21,
            0.21,
            0.29,
            0.29,
            0.22,
            0.19,
            0.31,
            0.22,
            0.29,
            0.21,
            0.18,
            0.14,
            0.29,
            0.23,
            0.21,
            0.17,
            0.24,
            0.22,
            0.28,
            0.2,
            0.27,
            0.25,
            0.21,
            0.23,
            0.29,
            0.2,
            0.28,
            0.3,
            0.2,
            0.27,
            0.25,
            0.22,
            0.17,
            0.25,
            0.21,
            0.18,
            0.28,
            0.26,
            0.24,
            0.26,
            0.2,
            0.18,
            0.14,
            0.15,
            0.32,
            0.26,
            0.18,
            0.24,
            0.26,
            0.38,
            0.26,
            0.26,
            0.23,
            0.3,
            0.24,
            0.29,
            0.24,
            0.25,
            0.18,
            0.21,
            0.28,
            0.26,
            0.32,
            0.31,
            0.25
        ]
    },
    {
        "%wins": [
            0.2,
            0.23,
            0.18,
            0.23,
            0.26,
            0.24,
            0.17,
            0.19,
            0.16,
            0.2,
            0.25,
            0.25,
            0.27,
            0.25,
            0.22,
            0.2,
            0.23,
            0.22,
            0.23,
            0.27,
            0.28,
            0.25,
            0.23,
            0.29,
            0.23,
            0.2,
            0.23,
            0.16,
            0.18,
            0.16,
            0.31,
            0.22,
            0.21,
            0.18,
            0.28,
            0.24,
            0.18,
            0.28,
            0.22,
            0.21,
            0.18,
            0.22,
            0.18,
            0.26,
            0.23,
            0.2,
            0.19,
            0.27,
            0.18,
            0.25,
            0.2,
            0.16,
            0.26,
            0.28,
            0.24,
            0.24,
            0.28,
            0.23,
            0.31,
            0.17,
            0.23,
            0.24,
            0.17,
            0.28,
            0.29,
            0.19,
            0.22,
            0.12,
            0.18,
            0.23,
            0.25,
            0.29,
            0.31,
            0.19,
            0.24,
            0.13,
            0.22,
            0.19,
            0.19,
            0.29,
            0.25,
            0.26,
            0.37,
            0.2,
            0.22,
            0.27,
            0.21,
            0.29,
            0.22,
            0.21,
            0.2,
            0.26,
            0.19,
            0.26,
            0.23,
            0.3,
            0.16,
            0.18,
            0.23,
            0.15
        ]
    },
    {
        "%wins": [
            0.16,
            0.26,
            0.23,
            0.25,
            0.21,
            0.27,
            0.27,
            0.18,
            0.25,
            0.29,
            0.2,
            0.26,
            0.29,
            0.22,
            0.28,
            0.23,
            0.21,
            0.2,
            0.22,
            0.23,
            0.18,
            0.27,
            0.26,
            0.25,
            0.25,
            0.19,
            0.17,
            0.18,
            0.15,
            0.31,
            0.25,
            0.18,
            0.26,
            0.26,
            0.36,
            0.28,
            0.25,
            0.23,
            0.3,
            0.22,
            0.3,
            0.25,
            0.25,
            0.19,
            0.2,
            0.27,
            0.27,
            0.32,
            0.31,
            0.24,
            0.2,
            0.22,
            0.19,
            0.21,
            0.28,
            0.24,
            0.18,
            0.17,
            0.17,
            0.21,
            0.25,
            0.26,
            0.26,
            0.24,
            0.23,
            0.19,
            0.24,
            0.23,
            0.21,
            0.25,
            0.32,
            0.22,
            0.25,
            0.28,
            0.23,
            0.22,
            0.23,
            0.13,
            0.22,
            0.15,
            0.28,
            0.24,
            0.19,
            0.18,
            0.28,
            0.24,
            0.21,
            0.27,
            0.23,
            0.19,
            0.18,
            0.24,
            0.18,
            0.25,
            0.21,
            0.2,
            0.21,
            0.25,
            0.2,
            0.25
        ]
    },
    {
        "%wins": [
            0.2,
            0.16,
            0.25,
            0.29,
            0.23,
            0.25,
            0.26,
            0.22,
            0.33,
            0.19,
            0.22,
            0.22,
            0.16,
            0.34,
            0.26,
            0.19,
            0.21,
            0.14,
            0.16,
            0.25,
            0.22,
            0.32,
            0.3,
            0.2,
            0.21,
            0.15,
            0.2,
            0.19,
            0.24,
            0.25,
            0.25,
            0.28,
            0.34,
            0.22,
            0.22,
            0.28,
            0.2,
            0.26,
            0.25,
            0.2,
            0.21,
            0.28,
            0.17,
            0.26,
            0.21,
            0.3,
            0.15,
            0.2,
            0.22,
            0.21,
            0.14,
            0.22,
            0.19,
            0.19,
            0.17,
            0.27,
            0.21,
            0.28,
            0.22,
            0.2,
            0.28,
            0.34,
            0.25,
            0.26,
            0.28,
            0.25,
            0.21,
            0.22,
            0.24,
            0.21,
            0.2,
            0.25,
            0.21,
            0.2,
            0.22,
            0.21,
            0.28,
            0.19,
            0.22,
            0.2,
            0.16,
            0.24,
            0.33,
            0.31,
            0.26,
            0.14,
            0.2,
            0.32,
            0.19,
            0.28,
            0.15,
            0.27,
            0.23,
            0.2,
            0.24,
            0.21,
            0.18,
            0.24,
            0.26,
            0.27
        ]
    },
    {
        "%wins": [
            0.26,
            0.25,
            0.25,
            0.32,
            0.15,
            0.29,
            0.26,
            0.22,
            0.2,
            0.24,
            0.13,
            0.19,
            0.18,
            0.27,
            0.28,
            0.26,
            0.32,
            0.27,
            0.29,
            0.22,
            0.15,
            0.26,
            0.22,
            0.28,
            0.3,
            0.25,
            0.3,
            0.2,
            0.19,
            0.23,
            0.26,
            0.22,
            0.2,
            0.24,
            0.28,
            0.25,
            0.26,
            0.18,
            0.25,
            0.22,
            0.26,
            0.24,
            0.24,
            0.18,
            0.2,
            0.16,
            0.17,
            0.21,
            0.25,
            0.19,
            0.26,
            0.23,
            0.18,
            0.22,
            0.23,
            0.22,
            0.19,
            0.16,
            0.23,
            0.25,
            0.16,
            0.25,
            0.21,
            0.15,
            0.22,
            0.22,
            0.16,
            0.3,
            0.28,
            0.22,
            0.26,
            0.18,
            0.24,
            0.24,
            0.22,
            0.24,
            0.22,
            0.28,
            0.19,
            0.21,
            0.25,
            0.21,
            0.29,
            0.3,
            0.24,
            0.24,
            0.22,
            0.23,
            0.2,
            0.21,
            0.17,
            0.22,
            0.21,
            0.2,
            0.29,
            0.27,
            0.17,
            0.24,
            0.26,
            0.18
        ]
    },
    {
        "%wins": [
            0.16,
            0.26,
            0.23,
            0.25,
            0.21,
            0.27,
            0.27,
            0.18,
            0.25,
            0.29,
            0.2,
            0.26,
            0.29,
            0.22,
            0.28,
            0.23,
            0.21,
            0.2,
            0.22,
            0.23,
            0.18,
            0.27,
            0.26,
            0.25,
            0.25,
            0.19,
            0.17,
            0.18,
            0.15,
            0.31,
            0.25,
            0.18,
            0.26,
            0.26,
            0.36,
            0.28,
            0.25,
            0.23,
            0.3,
            0.22,
            0.3,
            0.25,
            0.25,
            0.19,
            0.2,
            0.27,
            0.27,
            0.32,
            0.31,
            0.24,
            0.2,
            0.22,
            0.19,
            0.21,
            0.28,
            0.24,
            0.18,
            0.17,
            0.17,
            0.21,
            0.25,
            0.26,
            0.26,
            0.24,
            0.23,
            0.19,
            0.24,
            0.23,
            0.21,
            0.25,
            0.32,
            0.22,
            0.25,
            0.28,
            0.23,
            0.22,
            0.23,
            0.13,
            0.22,
            0.15,
            0.28,
            0.24,
            0.19,
            0.18,
            0.28,
            0.24,
            0.21,
            0.27,
            0.23,
            0.19,
            0.18,
            0.24,
            0.18,
            0.25,
            0.21,
            0.2,
            0.21,
            0.25,
            0.2,
            0.25
        ]
    },
    {
        "%wins": [
            0.2,
            0.16,
            0.25,
            0.29,
            0.23,
            0.25,
            0.26,
            0.22,
            0.33,
            0.19,
            0.22,
            0.22,
            0.16,
            0.34,
            0.26,
            0.19,
            0.21,
            0.14,
            0.16,
            0.25,
            0.22,
            0.32,
            0.3,
            0.2,
            0.21,
            0.15,
            0.2,
            0.19,
            0.24,
            0.25,
            0.25,
            0.28,
            0.34,
            0.22,
            0.22,
            0.28,
            0.2,
            0.26,
            0.25,
            0.2,
            0.21,
            0.28,
            0.17,
            0.26,
            0.21,
            0.3,
            0.15,
            0.2,
            0.22,
            0.21,
            0.14,
            0.22,
            0.19,
            0.19,
            0.17,
            0.27,
            0.21,
            0.28,
            0.22,
            0.2,
            0.28,
            0.34,
            0.25,
            0.26,
            0.28,
            0.25,
            0.21,
            0.22,
            0.24,
            0.21,
            0.2,
            0.25,
            0.21,
            0.2,
            0.22,
            0.21,
            0.28,
            0.19,
            0.22,
            0.2,
            0.16,
            0.24,
            0.33,
            0.31,
            0.26,
            0.14,
            0.2,
            0.32,
            0.19,
            0.28,
            0.15,
            0.27,
            0.23,
            0.2,
            0.24,
            0.21,
            0.18,
            0.24,
            0.26,
            0.27
        ]
    },
    {
        "%wins": [
            0.26,
            0.25,
            0.25,
            0.32,
            0.15,
            0.29,
            0.26,
            0.22,
            0.2,
            0.24,
            0.13,
            0.19,
            0.18,
            0.27,
            0.28,
            0.26,
            0.32,
            0.27,
            0.29,
            0.22,
            0.15,
            0.26,
            0.22,
            0.28,
            0.3,
            0.25,
            0.3,
            0.2,
            0.19,
            0.23,
            0.26,
            0.22,
            0.2,
            0.24,
            0.28,
            0.25,
            0.26,
            0.18,
            0.25,
            0.22,
            0.26,
            0.24,
            0.24,
            0.18,
            0.2,
            0.16,
            0.17,
            0.21,
            0.25,
            0.19,
            0.26,
            0.23,
            0.18,
            0.22,
            0.23,
            0.22,
            0.19,
            0.16,
            0.23,
            0.25,
            0.16,
            0.25,
            0.21,
            0.15,
            0.22,
            0.22,
            0.16,
            0.3,
            0.28,
            0.22,
            0.26,
            0.18,
            0.24,
            0.24,
            0.22,
            0.24,
            0.22,
            0.28,
            0.19,
            0.21,
            0.25,
            0.21,
            0.29,
            0.3,
            0.24,
            0.24,
            0.22,
            0.23,
            0.2,
            0.21,
            0.17,
            0.22,
            0.21,
            0.2,
            0.29,
            0.27,
            0.17,
            0.24,
            0.26,
            0.18
        ]
    },
    {
        "%wins": [
            0.27,
            0.24,
            0.21,
            0.23,
            0.21,
            0.25,
            0.2,
            0.26,
            0.28,
            0.27,
            0.21,
            0.28,
            0.25,
            0.21,
            0.24,
            0.16,
            0.17,
            0.17,
            0.3,
            0.24,
            0.17,
            0.19,
            0.24,
            0.26,
            0.2,
            0.25,
            0.26,
            0.18,
            0.2,
            0.23,
            0.18,
            0.25,
            0.23,
            0.2,
            0.19,
            0.26,
            0.19,
            0.24,
            0.19,
            0.18,
            0.25,
            0.27,
            0.26,
            0.26,
            0.23,
            0.26,
            0.3,
            0.19,
            0.23,
            0.23,
            0.17,
            0.29,
            0.28,
            0.21,
            0.23,
            0.09,
            0.2,
            0.2,
            0.25,
            0.3,
            0.31,
            0.21,
            0.24,
            0.13,
            0.2,
            0.19,
            0.17,
            0.31,
            0.28,
            0.23,
            0.33,
            0.22,
            0.22,
            0.28,
            0.24,
            0.25,
            0.24,
            0.23,
            0.18,
            0.26,
            0.2,
            0.25,
            0.24,
            0.25,
            0.21,
            0.17,
            0.21,
            0.2,
            0.19,
            0.17,
            0.24,
            0.15,
            0.16,
            0.25,
            0.24,
            0.29,
            0.24,
            0.18,
            0.25,
            0.37
        ]
    }
]