[
    {
        "average": [
            -74.49,
            -65.51,
            -69.98,
            -74.0,
            -74.21,
            -53.11,
            -93.24,
            -74.34,
            -69.94,
            -72.31,
            -72.42,
            -55.41,
            -65.89,
            -67.63,
            -83.07,
            -75.95,
            -53.15,
            -82.5,
            -68.22,
            -67.96,
            -48.95,
            -69.76,
            -59.61,
            -65.93,
            -76.48,
            -59.46,
            -57.47,
            -69.91,
            -76.21,
            -72.31,
            -72.11,
            -57.38,
            -78.46,
            -76.38,
            -53.45,
            -67.6,
            -76.14,
            -90.92,
            -61.67,
            -82.41,
            -55.36,
            -74.06,
            -59.35,
            -74.42,
            -76.46,
            -78.34,
            -76.23,
            -76.03,
            -86.93,
            -52.84,
            -63.78,
            -59.43,
            -84.8,
            -68.29,
            -82.78,
            -90.81,
            -67.67,
            -76.4,
            -61.38,
            -88.82,
            -59.36,
            -84.58,
            -65.79,
            -78.49,
            -84.66,
            -61.37,
            -86.56,
            -63.62,
            -80.57,
            -76.37,
            -57.73,
            -82.27,
            -57.6,
            -59.59,
            -70.18,
            -63.73,
            -65.78,
            -84.98,
            -70.01,
            -91.2,
            -82.79,
            -72.19,
            -82.71,
            -74.08,
            -70.26,
            -61.6,
            -67.9,
            -74.21,
            -80.3,
            -61.61,
            -76.23,
            -80.53,
            -66.05,
            -80.65,
            -76.44,
            -65.87,
            -72.03,
            -80.37,
            -63.47,
            -76.24
        ],
        "%wins": [
            0.6,
            0.64,
            0.62,
            0.6,
            0.6,
            0.7,
            0.51,
            0.6,
            0.62,
            0.61,
            0.61,
            0.69,
            0.64,
            0.63,
            0.56,
            0.59,
            0.7,
            0.56,
            0.63,
            0.63,
            0.72,
            0.62,
            0.67,
            0.64,
            0.59,
            0.67,
            0.68,
            0.62,
            0.59,
            0.61,
            0.61,
            0.68,
            0.58,
            0.59,
            0.7,
            0.63,
            0.59,
            0.52,
            0.66,
            0.56,
            0.69,
            0.6,
            0.67,
            0.6,
            0.59,
            0.58,
            0.59,
            0.59,
            0.54,
            0.7,
            0.65,
            0.67,
            0.55,
            0.63,
            0.56,
            0.52,
            0.63,
            0.59,
            0.66,
            0.53,
            0.67,
            0.55,
            0.64,
            0.58,
            0.55,
            0.66,
            0.54,
            0.65,
            0.57,
            0.59,
            0.68,
            0.56,
            0.68,
            0.67,
            0.62,
            0.65,
            0.64,
            0.55,
            0.62,
            0.52,
            0.56,
            0.61,
            0.56,
            0.6,
            0.62,
            0.66,
            0.63,
            0.6,
            0.57,
            0.66,
            0.59,
            0.57,
            0.64,
            0.57,
            0.59,
            0.64,
            0.61,
            0.57,
            0.65,
            0.59
        ]
    },
    {
        "average": [
            -57.38,
            -84.79,
            -72.31,
            -93.28,
            -78.58,
            -65.83,
            -72.03,
            -53.26,
            -67.93,
            -63.97,
            -87.09,
            -65.68,
            -59.43,
            -72.02,
            -86.96,
            -63.83,
            -82.75,
            -55.51,
            -63.62,
            -76.35,
            -68.07,
            -57.44,
            -74.11,
            -86.67,
            -44.85,
            -80.66,
            -70.13,
            -71.98,
            -61.66,
            -80.63,
            -68.22,
            -63.5,
            -68.17,
            -76.2,
            -59.35,
            -82.47,
            -47.19,
            -67.96,
            -59.45,
            -80.55,
            -59.36,
            -74.39,
            -55.44,
            -63.85,
            -78.45,
            -57.65,
            -72.12,
            -55.02,
            -63.83,
            -68.07,
            -59.54,
            -70.05,
            -69.7,
            -78.32,
            -84.8,
            -59.69,
            -45.13,
            -74.4,
            -59.45,
            -82.22,
            -84.66,
            -61.57,
            -48.83,
            -63.38,
            -68.31,
            -103.77,
            -63.85,
            -74.08,
            -80.63,
            -42.53,
            -65.66,
            -72.13,
            -74.26,
            -61.43,
            -65.92,
            -72.02,
            -65.96,
            -61.42,
            -60.01,
            -59.29,
            -70.05,
            -70.16,
            -57.56,
            -89.07,
            -84.73,
            -67.65,
            -78.56,
            -74.31,
            -63.7,
            -62.1,
            -72.03,
            -60.09,
            -70.11,
            -88.74,
            -85.02,
            -46.97,
            -63.77,
            -67.92,
            -82.56,
            -67.82
        ],
        "%wins": [
            0.68,
            0.55,
            0.61,
            0.51,
            0.58,
            0.64,
            0.61,
            0.7,
            0.63,
            0.65,
            0.54,
            0.64,
            0.67,
            0.61,
            0.54,
            0.65,
            0.56,
            0.69,
            0.65,
            0.59,
            0.63,
            0.68,
            0.6,
            0.54,
            0.74,
            0.57,
            0.62,
            0.61,
            0.66,
            0.57,
            0.63,
            0.65,
            0.63,
            0.59,
            0.67,
            0.56,
            0.73,
            0.63,
            0.67,
            0.57,
            0.67,
            0.6,
            0.69,
            0.65,
            0.58,
            0.68,
            0.61,
            0.69,
            0.65,
            0.63,
            0.67,
            0.62,
            0.62,
            0.58,
            0.55,
            0.67,
            0.74,
            0.6,
            0.67,
            0.56,
            0.55,
            0.66,
            0.72,
            0.65,
            0.63,
            0.46,
            0.65,
            0.6,
            0.57,
            0.75,
            0.64,
            0.61,
            0.6,
            0.66,
            0.64,
            0.61,
            0.64,
            0.66,
            0.67,
            0.67,
            0.62,
            0.62,
            0.68,
            0.53,
            0.55,
            0.63,
            0.58,
            0.6,
            0.65,
            0.66,
            0.61,
            0.67,
            0.62,
            0.53,
            0.55,
            0.73,
            0.65,
            0.63,
            0.56,
            0.63
        ]
    },
    {
        "average": [
            -63.93,
            -76.29,
            -80.23,
            -57.16,
            -53.44,
            -65.43,
            -74.32,
            -61.99,
            -55.37,
            -101.57,
            -57.28,
            -78.3,
            -63.97,
            -55.01,
            -65.81,
            -61.43,
            -78.56,
            -82.5,
            -59.44,
            -80.64,
            -68.11,
            -72.1,
            -55.13,
            -71.95,
            -88.8,
            -70.12,
            -65.67,
            -65.61,
            -84.74,
            -63.56,
            -61.93,
            -70.12,
            -61.7,
            -80.74,
            -72.24,
            -68.06,
            -72.08,
            -74.15,
            -70.04,
            -74.39,
            -80.63,
            -61.76,
            -65.48,
            -72.09,
            -80.72,
            -72.08,
            -61.59,
            -61.83,
            -71.96,
            -70.35,
            -63.84,
            -80.55,
            -72.18,
            -88.88,
            -61.55,
            -67.97,
            -67.95,
            -55.32,
            -66.23,
            -59.76,
            -74.17,
            -57.68,
            -59.44,
            -59.42,
            -53.25,
            -59.24,
            -57.38,
            -80.76,
            -55.27,
            -61.69,
            -78.58,
            -55.28,
            -69.92,
            -78.54,
            -65.83,
            -71.94,
            -82.46,
            -57.14,
            -61.61,
            -73.96,
            -59.69,
            -88.82,
            -80.47,
            -69.84,
            -57.65,
            -55.45,
            -61.7,
            -59.72,
            -59.55,
            -63.61,
            -63.81,
            -55.35,
            -88.99,
            -50.98,
            -59.63,
            -59.86,
            -61.78,
            -63.64,
            -72.04,
            -57.28
        ],
        "%wins": [
            0.65,
            0.59,
            0.57,
            0.68,
            0.7,
            0.64,
            0.6,
            0.66,
            0.69,
            0.47,
            0.68,
            0.58,
            0.65,
            0.69,
            0.64,
            0.66,
            0.58,
            0.56,
            0.67,
            0.57,
            0.63,
            0.61,
            0.69,
            0.61,
            0.53,
            0.62,
            0.64,
            0.64,
            0.55,
            0.65,
            0.66,
            0.62,
            0.66,
            0.57,
            0.61,
            0.63,
            0.61,
            0.6,
            0.62,
            0.6,
            0.57,
            0.66,
            0.64,
            0.61,
            0.57,
            0.61,
            0.66,
            0.66,
            0.61,
            0.62,
            0.65,
            0.57,
            0.61,
            0.53,
            0.66,
            0.63,
            0.63,
            0.69,
            0.64,
            0.67,
            0.6,
            0.68,
            0.67,
            0.67,
            0.7,
            0.67,
            0.68,
            0.57,
            0.69,
            0.66,
            0.58,
            0.69,
            0.62,
            0.58,
            0.64,
            0.61,
            0.56,
            0.68,
            0.66,
            0.6,
            0.67,
            0.53,
            0.57,
            0.62,
            0.68,
            0.69,
            0.66,
            0.67,
            0.67,
            0.65,
            0.65,
            0.69,
            0.53,
            0.71,
            0.67,
            0.67,
            0.66,
            0.65,
            0.61,
            0.68
        ]
    },
    {
        "average": [
            -74.49,
            -65.51,
            -69.98,
            -74.0,
            -74.21,
            -53.11,
            -93.24,
            -74.34,
            -69.94,
            -72.31,
            -72.42,
            -55.41,
            -65.89,
            -67.63,
            -83.07,
            -75.95,
            -53.15,
            -82.5,
            -68.22,
            -67.96,
            -48.95,
            -69.76,
            -59.61,
            -65.93,
            -76.48,
            -59.46,
            -57.47,
            -69.91,
            -76.21,
            -72.31,
            -72.11,
            -57.38,
            -78.46,
            -76.38,
            -53.45,
            -67.6,
            -76.14,
            -90.92,
            -61.67,
            -82.41,
            -55.36,
            -74.06,
            -59.35,
            -74.42,
            -76.46,
            -78.34,
            -76.23,
            -76.03,
            -86.93,
            -52.84,
            -63.78,
            -59.43,
            -84.8,
            -68.29,
            -82.78,
            -90.81,
            -67.67,
            -76.4,
            -61.38,
            -88.82,
            -59.36,
            -84.58,
            -65.79,
            -78.49,
            -84.66,
            -61.37,
            -86.56,
            -63.62,
            -80.57,
            -76.37,
            -57.73,
            -82.27,
            -57.6,
            -59.59,
            -70.18,
            -63.73,
            -65.78,
            -84.98,
            -70.01,
            -91.2,
            -82.79,
            -72.19,
            -82.71,
            -74.08,
            -70.26,
            -61.6,
            -67.9,
            -74.21,
            -80.3,
            -61.61,
            -76.23,
            -80.53,
            -66.05,
            -80.65,
            -76.44,
            -65.87,
            -72.03,
            -80.37,
            -63.47,
            -76.24
        ],
        "%wins": [
            0.6,
            0.64,
            0.62,
            0.6,
            0.6,
            0.7,
            0.51,
            0.6,
            0.62,
            0.61,
            0.61,
            0.69,
            0.64,
            0.63,
            0.56,
            0.59,
            0.7,
            0.56,
            0.63,
            0.63,
            0.72,
            0.62,
            0.67,
            0.64,
            0.59,
            0.67,
            0.68,
            0.62,
            0.59,
            0.61,
            0.61,
            0.68,
            0.58,
            0.59,
            0.7,
            0.63,
            0.59,
            0.52,
            0.66,
            0.56,
            0.69,
            0.6,
            0.67,
            0.6,
            0.59,
            0.58,
            0.59,
            0.59,
            0.54,
            0.7,
            0.65,
            0.67,
            0.55,
            0.63,
            0.56,
            0.52,
            0.63,
            0.59,
            0.66,
            0.53,
            0.67,
            0.55,
            0.64,
            0.58,
            0.55,
            0.66,
            0.54,
            0.65,
            0.57,
            0.59,
            0.68,
            0.56,
            0.68,
            0.67,
            0.62,
            0.65,
            0.64,
            0.55,
            0.62,
            0.52,
            0.56,
            0.61,
            0.56,
            0.6,
            0.62,
            0.66,
            0.63,
            0.6,
            0.57,
            0.66,
            0.59,
            0.57,
            0.64,
            0.57,
            0.59,
            0.64,
            0.61,
            0.57,
            0.65,
            0.59
        ]
    },
    {
        "average": [
            -57.38,
            -84.79,
            -72.31,
            -93.28,
            -78.58,
            -65.83,
            -72.03,
            -53.26,
            -67.93,
            -63.97,
            -87.09,
            -65.68,
            -59.43,
            -72.02,
            -86.96,
            -63.83,
            -82.75,
            -55.51,
            -63.62,
            -76.35,
            -68.07,
            -57.44,
            -74.11,
            -86.67,
            -44.85,
            -80.66,
            -70.13,
            -71.98,
            -61.66,
            -80.63,
            -68.22,
            -63.5,
            -68.17,
            -76.2,
            -59.35,
            -82.47,
            -47.19,
            -67.96,
            -59.45,
            -80.55,
            -59.36,
            -74.39,
            -55.44,
            -63.85,
            -78.45,
            -57.65,
            -72.12,
            -55.02,
            -63.83,
            -68.07,
            -59.54,
            -70.05,
            -69.7,
            -78.32,
            -84.8,
            -59.69,
            -45.13,
            -74.4,
            -59.45,
            -82.22,
            -84.66,
            -61.57,
            -48.83,
            -63.38,
            -68.31,
            -103.77,
            -63.85,
            -74.08,
            -80.63,
            -42.53,
            -65.66,
            -72.13,
            -74.26,
            -61.43,
            -65.92,
            -72.02,
            -65.96,
            -61.42,
            -60.01,
            -59.29,
            -70.05,
            -70.16,
            -57.56,
            -89.07,
            -84.73,
            -67.65,
            -78.56,
            -74.31,
            -63.7,
            -62.1,
            -72.03,
            -60.09,
            -70.11,
            -88.74,
            -85.02,
            -46.97,
            -63.77,
            -67.92,
            -82.56,
            -67.82
        ],
        "%wins": [
            0.68,
            0.55,
            0.61,
            0.51,
            0.58,
            0.64,
            0.61,
            0.7,
            0.63,
            0.65,
            0.54,
            0.64,
            0.67,
            0.61,
            0.54,
            0.65,
            0.56,
            0.69,
            0.65,
            0.59,
            0.63,
            0.68,
            0.6,
            0.54,
            0.74,
            0.57,
            0.62,
            0.61,
            0.66,
            0.57,
            0.63,
            0.65,
            0.63,
            0.59,
            0.67,
            0.56,
            0.73,
            0.63,
            0.67,
            0.57,
            0.67,
            0.6,
            0.69,
            0.65,
            0.58,
            0.68,
            0.61,
            0.69,
            0.65,
            0.63,
            0.67,
            0.62,
            0.62,
            0.58,
            0.55,
            0.67,
            0.74,
            0.6,
            0.67,
            0.56,
            0.55,
            0.66,
            0.72,
            0.65,
            0.63,
            0.46,
            0.65,
            0.6,
            0.57,
            0.75,
            0.64,
            0.61,
            0.6,
            0.66,
            0.64,
            0.61,
            0.64,
            0.66,
            0.67,
            0.67,
            0.62,
            0.62,
            0.68,
            0.53,
            0.55,
            0.63,
            0.58,
            0.6,
            0.65,
            0.66,
            0.61,
            0.67,
            0.62,
            0.53,
            0.55,
            0.73,
            0.65,
            0.63,
            0.56,
            0.63
        ]
    },
    {
        "average": [
            -63.93,
            -76.29,
            -80.23,
            -57.16,
            -53.44,
            -65.43,
            -74.32,
            -61.99,
            -55.37,
            -101.57,
            -57.28,
            -78.3,
            -63.97,
            -55.01,
            -65.81,
            -61.43,
            -78.56,
            -82.5,
            -59.44,
            -80.64,
            -68.11,
            -72.1,
            -55.13,
            -71.95,
            -88.8,
            -70.12,
            -65.67,
            -65.61,
            -84.74,
            -63.56,
            -61.93,
            -70.12,
            -61.7,
            -80.74,
            -72.24,
            -68.06,
            -72.08,
            -74.15,
            -70.04,
            -74.39,
            -80.63,
            -61.76,
            -65.48,
            -72.09,
            -80.72,
            -72.08,
            -61.59,
            -61.83,
            -71.96,
            -70.35,
            -63.84,
            -80.55,
            -72.18,
            -88.88,
            -61.55,
            -67.97,
            -67.95,
            -55.32,
            -66.23,
            -59.76,
            -74.17,
            -57.68,
            -59.44,
            -59.42,
            -53.25,
            -59.24,
            -57.38,
            -80.76,
            -55.27,
            -61.69,
            -78.58,
            -55.28,
            -69.92,
            -78.54,
            -65.83,
            -71.94,
            -82.46,
            -57.14,
            -61.61,
            -73.96,
            -59.69,
            -88.82,
            -80.47,
            -69.84,
            -57.65,
            -55.45,
            -61.7,
            -59.72,
            -59.55,
            -63.61,
            -63.81,
            -55.35,
            -88.99,
            -50.98,
            -59.63,
            -59.86,
            -61.78,
            -63.64,
            -72.04,
            -57.28
        ],
        "%wins": [
            0.65,
            0.59,
            0.57,
            0.68,
            0.7,
            0.64,
            0.6,
            0.66,
            0.69,
            0.47,
            0.68,
            0.58,
            0.65,
            0.69,
            0.64,
            0.66,
            0.58,
            0.56,
            0.67,
            0.57,
            0.63,
            0.61,
            0.69,
            0.61,
            0.53,
            0.62,
            0.64,
            0.64,
            0.55,
            0.65,
            0.66,
            0.62,
            0.66,
            0.57,
            0.61,
            0.63,
            0.61,
            0.6,
            0.62,
            0.6,
            0.57,
            0.66,
            0.64,
            0.61,
            0.57,
            0.61,
            0.66,
            0.66,
            0.61,
            0.62,
            0.65,
            0.57,
            0.61,
            0.53,
            0.66,
            0.63,
            0.63,
            0.69,
            0.64,
            0.67,
            0.6,
            0.68,
            0.67,
            0.67,
            0.7,
            0.67,
            0.68,
            0.57,
            0.69,
            0.66,
            0.58,
            0.69,
            0.62,
            0.58,
            0.64,
            0.61,
            0.56,
            0.68,
            0.66,
            0.6,
            0.67,
            0.53,
            0.57,
            0.62,
            0.68,
            0.69,
            0.66,
            0.67,
            0.67,
            0.65,
            0.65,
            0.69,
            0.53,
            0.71,
            0.67,
            0.67,
            0.66,
            0.65,
            0.61,
            0.68
        ]
    },
    {
        "average": [
            -63.92,
            -65.71,
            -57.67,
            -69.8,
            -80.86,
            -68.12,
            -111.98,
            -69.93,
            -69.84,
            -72.17,
            -63.6,
            -84.42,
            -74.24,
            -76.17,
            -69.85,
            -72.31,
            -76.13,
            -71.88,
            -84.61,
            -67.63,
            -82.76,
            -70.28,
            -59.5,
            -76.3,
            -59.39,
            -64.03,
            -72.2,
            -67.89,
            -70.11,
            -74.34,
            -82.71,
            -80.55,
            -76.59,
            -82.73,
            -78.33,
            -66.02,
            -72.05,
            -63.82,
            -70.11,
            -76.1,
            -63.66,
            -76.29,
            -76.13,
            -78.46,
            -59.96,
            -90.99,
            -74.25,
            -63.68,
            -63.79,
            -90.75,
            -63.5,
            -65.71,
            -69.99,
            -78.73,
            -86.92,
            -82.84,
            -72.18,
            -76.31,
            -65.82,
            -51.04,
            -65.92,
            -76.64,
            -80.58,
            -57.39,
            -69.75,
            -70.1,
            -80.69,
            -78.57,
            -70.1,
            -57.53,
            -67.86,
            -70.2,
            -72.07,
            -65.79,
            -67.88,
            -74.07,
            -57.44,
            -72.33,
            -78.49,
            -63.59,
            -76.25,
            -70.36,
            -66.06,
            -65.63,
            -61.76,
            -76.24,
            -75.98,
            -70.08,
            -51.27,
            -55.47,
            -78.26,
            -63.71,
            -69.9,
            -68.04,
            -63.9,
            -65.94,
            -70.16,
            -59.57,
            -69.96,
            -57.35
        ],
        "%wins": [
            0.65,
            0.64,
            0.68,
            0.62,
            0.57,
            0.63,
            0.42,
            0.62,
            0.62,
            0.61,
            0.65,
            0.55,
            0.6,
            0.59,
            0.62,
            0.61,
            0.59,
            0.61,
            0.55,
            0.63,
            0.56,
            0.62,
            0.67,
            0.59,
            0.67,
            0.65,
            0.61,
            0.63,
            0.62,
            0.6,
            0.56,
            0.57,
            0.59,
            0.56,
            0.58,
            0.64,
            0.61,
            0.65,
            0.62,
            0.59,
            0.65,
            0.59,
            0.59,
            0.58,
            0.67,
            0.52,
            0.6,
            0.65,
            0.65,
            0.52,
            0.65,
            0.64,
            0.62,
            0.58,
            0.54,
            0.56,
            0.61,
            0.59,
            0.64,
            0.71,
            0.64,
            0.59,
            0.57,
            0.68,
            0.62,
            0.62,
            0.57,
            0.58,
            0.62,
            0.68,
            0.63,
            0.62,
            0.61,
            0.64,
            0.63,
            0.6,
            0.68,
            0.61,
            0.58,
            0.65,
            0.59,
            0.62,
            0.64,
            0.64,
            0.66,
            0.59,
            0.59,
            0.62,
            0.71,
            0.69,
            0.58,
            0.65,
            0.62,
            0.63,
            0.65,
            0.64,
            0.62,
            0.67,
            0.62,
            0.68
        ]
    },
    {
        "average": [
            -63.78,
            -53.31,
            -78.53,
            -69.84,
            -67.77,
            -84.53,
            -78.64,
            -49.24,
            -53.58,
            -74.25,
            -55.14,
            -88.32,
            -70.23,
            -72.03,
            -52.94,
            -55.31,
            -80.82,
            -91.25,
            -65.68,
            -80.55,
            -61.53,
            -59.3,
            -72.1,
            -63.69,
            -63.73,
            -67.94,
            -63.64,
            -76.31,
            -72.2,
            -63.7,
            -47.15,
            -80.33,
            -63.76,
            -64.06,
            -61.74,
            -88.97,
            -80.57,
            -65.55,
            -84.81,
            -68.06,
            -70.11,
            -45.08,
            -80.7,
            -72.57,
            -63.56,
            -99.54,
            -61.66,
            -63.95,
            -57.48,
            -76.16,
            -74.24,
            -65.64,
            -72.27,
            -74.38,
            -71.69,
            -57.33,
            -53.25,
            -78.26,
            -70.09,
            -51.4,
            -61.78,
            -99.37,
            -63.62,
            -72.11,
            -57.42,
            -63.53,
            -59.45,
            -69.86,
            -84.78,
            -69.78,
            -70.18,
            -72.29,
            -76.47,
            -59.44,
            -67.72,
            -80.27,
            -86.82,
            -63.89,
            -52.87,
            -74.12,
            -80.49,
            -67.91,
            -59.71,
            -66.08,
            -67.95,
            -80.79,
            -78.35,
            -53.35,
            -78.56,
            -67.77,
            -78.41,
            -70.15,
            -76.61,
            -59.35,
            -82.35,
            -74.43,
            -70.07,
            -61.48,
            -68.12,
            -61.71
        ],
        "%wins": [
            0.65,
            0.7,
            0.58,
            0.62,
            0.63,
            0.55,
            0.58,
            0.72,
            0.7,
            0.6,
            0.69,
            0.53,
            0.62,
            0.61,
            0.7,
            0.69,
            0.57,
            0.52,
            0.64,
            0.57,
            0.66,
            0.67,
            0.61,
            0.65,
            0.65,
            0.63,
            0.65,
            0.59,
            0.61,
            0.65,
            0.73,
            0.57,
            0.65,
            0.65,
            0.66,
            0.53,
            0.57,
            0.64,
            0.55,
            0.63,
            0.62,
            0.74,
            0.57,
            0.61,
            0.65,
            0.48,
            0.66,
            0.65,
            0.68,
            0.59,
            0.6,
            0.64,
            0.61,
            0.6,
            0.61,
            0.68,
            0.7,
            0.58,
            0.62,
            0.71,
            0.66,
            0.48,
            0.65,
            0.61,
            0.68,
            0.65,
            0.67,
            0.62,
            0.55,
            0.62,
            0.62,
            0.61,
            0.59,
            0.67,
            0.63,
            0.57,
            0.54,
            0.65,
            0.7,
            0.6,
            0.57,
            0.63,
            0.67,
            0.64,
            0.63,
            0.57,
            0.58,
            0.7,
            0.58,
            0.63,
            0.58,
            0.62,
            0.59,
            0.67,
            0.56,
            0.6,
            0.62,
            0.66,
            0.63,
            0.66
        ]
    },
    {
        "average": [
            -69.89,
            -76.63,
            -70.02,
            -76.43,
            -84.71,
            -72.3,
            -59.4,
            -76.37,
            -51.07,
            -72.24,
            -59.94,
            -63.83,
            -55.4,
            -72.24,
            -59.43,
            -53.17,
            -59.57,
            -55.12,
            -70.05,
            -76.34,
            -59.4,
            -55.55,
            -78.46,
            -61.59,
            -76.22,
            -59.78,
            -73.95,
            -78.26,
            -69.86,
            -53.13,
            -61.39,
            -78.36,
            -72.24,
            -82.59,
            -82.49,
            -67.96,
            -63.78,
            -42.95,
            -72.2,
            -49.21,
            -65.8,
            -59.44,
            -51.23,
            -72.2,
            -80.45,
            -55.29,
            -59.72,
            -63.85,
            -57.68,
            -67.77,
            -65.8,
            -67.78,
            -59.38,
            -92.88,
            -80.75,
            -78.36,
            -63.89,
            -86.91,
            -76.35,
            -74.2,
            -74.43,
            -72.41,
            -80.48,
            -72.36,
            -63.84,
            -67.92,
            -76.54,
            -67.9,
            -72.19,
            -67.7,
            -70.21,
            -63.91,
            -59.34,
            -76.36,
            -82.42,
            -76.32,
            -76.28,
            -88.92,
            -82.77,
            -70.01,
            -51.23,
            -78.29,
            -65.94,
            -63.75,
            -76.55,
            -76.32,
            -63.68,
            -76.3,
            -55.66,
            -69.96,
            -82.67,
            -74.25,
            -93.25,
            -76.32,
            -57.52,
            -59.32,
            -82.45,
            -59.41,
            -72.2,
            -68.0
        ],
        "%wins": [
            0.62,
            0.59,
            0.62,
            0.59,
            0.55,
            0.61,
            0.67,
            0.59,
            0.71,
            0.61,
            0.67,
            0.65,
            0.69,
            0.61,
            0.67,
            0.7,
            0.67,
            0.69,
            0.62,
            0.59,
            0.67,
            0.69,
            0.58,
            0.66,
            0.59,
            0.67,
            0.6,
            0.58,
            0.62,
            0.7,
            0.66,
            0.58,
            0.61,
            0.56,
            0.56,
            0.63,
            0.65,
            0.75,
            0.61,
            0.72,
            0.64,
            0.67,
            0.71,
            0.61,
            0.57,
            0.69,
            0.67,
            0.65,
            0.68,
            0.63,
            0.64,
            0.63,
            0.67,
            0.51,
            0.57,
            0.58,
            0.65,
            0.54,
            0.59,
            0.6,
            0.6,
            0.61,
            0.57,
            0.61,
            0.65,
            0.63,
            0.59,
            0.63,
            0.61,
            0.63,
            0.62,
            0.65,
            0.67,
            0.59,
            0.56,
            0.59,
            0.59,
            0.53,
            0.56,
            0.62,
            0.71,
            0.58,
            0.64,
            0.65,
            0.59,
            0.59,
            0.65,
            0.59,
            0.69,
            0.62,
            0.56,
            0.6,
            0.51,
            0.59,
            0.68,
            0.67,
            0.56,
            0.67,
            0.61,
            0.63
        ]
    },
    {
        "average": [
            -76.21,
            -65.87,
            -74.37,
            -84.81,
            -38.57,
            -63.55,
            -57.25,
            -65.86,
            -67.99,
            -67.72,
            -59.36,
            -82.77,
            -51.52,
            -71.9,
            -67.71,
            -65.55,
            -61.69,
            -67.83,
            -63.56,
            -70.14,
            -72.19,
            -69.96,
            -57.57,
            -70.22,
            -65.78,
            -69.79,
            -80.59,
            -78.34,
            -84.79,
            -69.87,
            -59.61,
            -57.38,
            -76.17,
            -59.41,
            -65.69,
            -67.9,
            -63.85,
            -72.13,
            -67.58,
            -59.61,
            -89.1,
            -61.72,
            -63.73,
            -63.62,
            -65.88,
            -67.79,
            -74.29,
            -72.27,
            -57.42,
            -51.19,
            -80.33,
            -84.45,
            -63.56,
            -70.04,
            -71.84,
            -59.54,
            -91.2,
            -70.07,
            -76.39,
            -66.15,
            -57.55,
            -67.97,
            -65.89,
            -80.45,
            -72.22,
            -71.84,
            -61.4,
            -78.6,
            -70.14,
            -57.59,
            -57.08,
            -65.88,
            -65.69,
            -63.91,
            -70.09,
            -68.06,
            -52.91,
            -80.75,
            -65.75,
            -82.69,
            -59.32,
            -55.47,
            -99.47,
            -55.36,
            -57.56,
            -67.57,
            -80.33,
            -91.23,
            -65.65,
            -67.71,
            -67.98,
            -71.88,
            -53.34,
            -82.83,
            -72.02,
            -84.62,
            -74.13,
            -80.27,
            -76.33,
            -52.86
        ],
        "%wins": [
            0.59,
            0.64,
            0.6,
            0.55,
            0.77,
            0.65,
            0.68,
            0.64,
            0.63,
            0.63,
            0.67,
            0.56,
            0.71,
            0.61,
            0.63,
            0.64,
            0.66,
            0.63,
            0.65,
            0.62,
            0.61,
            0.62,
            0.68,
            0.62,
            0.64,
            0.62,
            0.57,
            0.58,
            0.55,
            0.62,
            0.67,
            0.68,
            0.59,
            0.67,
            0.64,
            0.63,
            0.65,
            0.61,
            0.63,
            0.67,
            0.53,
            0.66,
            0.65,
            0.65,
            0.64,
            0.63,
            0.6,
            0.61,
            0.68,
            0.71,
            0.57,
            0.55,
            0.65,
            0.62,
            0.61,
            0.67,
            0.52,
            0.62,
            0.59,
            0.64,
            0.68,
            0.63,
            0.64,
            0.57,
            0.61,
            0.61,
            0.66,
            0.58,
            0.62,
            0.68,
            0.68,
            0.64,
            0.64,
            0.65,
            0.62,
            0.63,
            0.7,
            0.57,
            0.64,
            0.56,
            0.67,
            0.69,
            0.48,
            0.69,
            0.68,
            0.63,
            0.57,
            0.52,
            0.64,
            0.63,
            0.63,
            0.61,
            0.7,
            0.56,
            0.61,
            0.55,
            0.6,
            0.57,
            0.59,
            0.7
        ]
    }
]