[
    {
        "average": [
            -39.02,
            -15.91,
            -28.56,
            -24.41,
            -30.48,
            -26.14,
            -45.16,
            -28.55,
            -47.52,
            -32.7,
            -32.89,
            -36.8,
            -28.7,
            -24.1,
            -18.08,
            -32.79,
            -32.77,
            -39.03,
            -26.48,
            -24.33,
            -24.23,
            -34.76,
            -30.34,
            -26.55,
            -45.25,
            -41.03,
            -39.25,
            -22.27,
            -35.27,
            -33.32,
            -19.81,
            -32.55,
            -41.26,
            -32.86,
            -26.68,
            -26.6,
            -30.71,
            -36.99,
            -24.53,
            -47.3,
            -16.47,
            -45.62,
            -45.28,
            -40.75,
            -24.04,
            -38.84,
            -26.17,
            -36.92,
            -33.02,
            -37.09,
            -39.01,
            -40.94,
            -31.01,
            -24.71,
            -16.31,
            -38.92,
            -53.57,
            -28.55,
            -34.85,
            -22.32,
            -32.81,
            -24.62,
            -32.86,
            -39.37,
            -43.3,
            -24.42,
            -32.74,
            -36.64,
            -47.3,
            -34.84,
            -24.42,
            -28.59,
            -14.34,
            -26.77,
            -37.06,
            -34.91,
            -31.24,
            -37.16,
            -39.11,
            -28.83,
            -30.78,
            -26.67,
            -26.44,
            -37.01,
            -22.3,
            -26.69,
            -30.44,
            -40.96,
            -24.22,
            -43.51,
            -28.59,
            -18.21,
            -28.46,
            -30.97,
            -31.08,
            -34.91,
            -43.19,
            -30.31,
            -24.4,
            -32.6
        ],
        "%wins": [
            0.77,
            0.88,
            0.82,
            0.84,
            0.81,
            0.83,
            0.74,
            0.82,
            0.73,
            0.8,
            0.8,
            0.78,
            0.82,
            0.84,
            0.87,
            0.8,
            0.8,
            0.77,
            0.83,
            0.84,
            0.84,
            0.79,
            0.81,
            0.83,
            0.74,
            0.76,
            0.77,
            0.85,
            0.79,
            0.8,
            0.86,
            0.8,
            0.76,
            0.8,
            0.83,
            0.83,
            0.81,
            0.78,
            0.84,
            0.73,
            0.88,
            0.74,
            0.74,
            0.76,
            0.84,
            0.77,
            0.83,
            0.78,
            0.8,
            0.78,
            0.77,
            0.76,
            0.81,
            0.84,
            0.88,
            0.77,
            0.7,
            0.82,
            0.79,
            0.85,
            0.8,
            0.84,
            0.8,
            0.77,
            0.75,
            0.84,
            0.8,
            0.78,
            0.73,
            0.79,
            0.84,
            0.82,
            0.89,
            0.83,
            0.78,
            0.79,
            0.81,
            0.78,
            0.77,
            0.82,
            0.81,
            0.83,
            0.83,
            0.78,
            0.85,
            0.83,
            0.81,
            0.76,
            0.84,
            0.75,
            0.82,
            0.87,
            0.82,
            0.81,
            0.81,
            0.79,
            0.75,
            0.81,
            0.84,
            0.8
        ]
    },
    {
        "average": [
            -24.22,
            -24.46,
            -30.47,
            -26.56,
            -22.39,
            -49.5,
            -28.3,
            -37.14,
            -36.95,
            -32.76,
            -43.29,
            -24.35,
            -28.58,
            -26.63,
            -37.15,
            -36.86,
            -24.48,
            -20.28,
            -42.98,
            -47.51,
            -24.81,
            -28.38,
            -30.68,
            -15.94,
            -28.49,
            -36.92,
            -53.64,
            -30.81,
            -30.89,
            -41.53,
            -22.6,
            -41.39,
            -16.15,
            -30.81,
            -24.53,
            -45.64,
            -43.03,
            -24.43,
            -36.99,
            -30.7,
            -47.43,
            -32.96,
            -34.62,
            -26.56,
            -45.2,
            -38.75,
            -41.32,
            -30.71,
            -18.14,
            -28.54,
            -22.21,
            -26.67,
            -26.37,
            -16.07,
            -38.76,
            -26.41,
            -20.32,
            -47.26,
            -43.42,
            -32.73,
            -38.85,
            -20.16,
            -26.67,
            -18.0,
            -41.37,
            -41.44,
            -20.41,
            -24.42,
            -32.94,
            -51.52,
            -36.9,
            -24.37,
            -24.21,
            -36.86,
            -19.79,
            -32.74,
            -20.2,
            -32.98,
            -22.3,
            -30.3,
            -19.99,
            -32.93,
            -19.93,
            -53.35,
            -26.12,
            -45.47,
            -23.99,
            -22.06,
            -40.99,
            -28.55,
            -24.75,
            -22.18,
            -35.09,
            -18.33,
            -38.73,
            -39.13,
            -36.92,
            -32.73,
            -28.54,
            -26.63
        ],
        "%wins": [
            0.84,
            0.84,
            0.81,
            0.83,
            0.85,
            0.72,
            0.82,
            0.78,
            0.78,
            0.8,
            0.75,
            0.84,
            0.82,
            0.83,
            0.78,
            0.78,
            0.84,
            0.86,
            0.75,
            0.73,
            0.84,
            0.82,
            0.81,
            0.88,
            0.82,
            0.78,
            0.7,
            0.81,
            0.81,
            0.76,
            0.85,
            0.76,
            0.88,
            0.81,
            0.84,
            0.74,
            0.75,
            0.84,
            0.78,
            0.81,
            0.73,
            0.8,
            0.79,
            0.83,
            0.74,
            0.77,
            0.76,
            0.81,
            0.87,
            0.82,
            0.85,
            0.83,
            0.83,
            0.88,
            0.77,
            0.83,
            0.86,
            0.73,
            0.75,
            0.8,
            0.77,
            0.86,
            0.83,
            0.87,
            0.76,
            0.76,
            0.86,
            0.84,
            0.8,
            0.71,
            0.78,
            0.84,
            0.84,
            0.78,
            0.86,
            0.8,
            0.86,
            0.8,
            0.85,
            0.81,
            0.86,
            0.8,
            0.86,
            0.7,
            0.83,
            0.74,
            0.84,
            0.85,
            0.76,
            0.82,
            0.84,
            0.85,
            0.79,
            0.87,
            0.77,
            0.77,
            0.78,
            0.8,
            0.82,
            0.83
        ]
    },
    {
        "average": [
            -38.66,
            -24.43,
            -18.26,
            -43.25,
            -30.61,
            -34.83,
            -22.28,
            -26.6,
            -14.04,
            -30.8,
            -15.95,
            -34.77,
            -35.24,
            -39.18,
            -32.85,
            -47.21,
            -35.05,
            -32.94,
            -15.53,
            -36.8,
            -22.85,
            -22.59,
            -38.81,
            -32.82,
            -28.56,
            -38.9,
            -20.27,
            -17.82,
            -55.84,
            -30.65,
            -43.02,
            -24.21,
            -18.28,
            -30.64,
            -26.27,
            -43.15,
            -15.81,
            -28.93,
            -26.66,
            -38.85,
            -22.59,
            -22.24,
            -34.87,
            -22.33,
            -24.6,
            -32.67,
            -41.3,
            -22.18,
            -24.63,
            -14.1,
            -26.96,
            -20.07,
            -28.83,
            -28.65,
            -30.91,
            -30.73,
            -49.5,
            -16.16,
            -34.54,
            -28.75,
            -41.0,
            -39.27,
            -28.53,
            -28.3,
            -47.01,
            -24.17,
            -24.43,
            -20.09,
            -28.21,
            -30.8,
            -18.04,
            -33.03,
            -30.51,
            -35.15,
            -38.94,
            -30.93,
            -18.21,
            -28.61,
            -56.08,
            -26.37,
            -47.18,
            -26.55,
            -41.19,
            -28.8,
            -32.6,
            -43.43,
            -40.75,
            -39.12,
            -32.91,
            -32.81,
            -47.31,
            -32.67,
            -15.99,
            -32.43,
            -18.22,
            -20.52,
            -41.47,
            -22.36,
            -39.03,
            -28.55
        ],
        "%wins": [
            0.77,
            0.84,
            0.87,
            0.75,
            0.81,
            0.79,
            0.85,
            0.83,
            0.89,
            0.81,
            0.88,
            0.79,
            0.79,
            0.77,
            0.8,
            0.73,
            0.79,
            0.8,
            0.88,
            0.78,
            0.85,
            0.85,
            0.77,
            0.8,
            0.82,
            0.77,
            0.86,
            0.87,
            0.69,
            0.81,
            0.75,
            0.84,
            0.87,
            0.81,
            0.83,
            0.75,
            0.88,
            0.82,
            0.83,
            0.77,
            0.85,
            0.85,
            0.79,
            0.85,
            0.84,
            0.8,
            0.76,
            0.85,
            0.84,
            0.89,
            0.83,
            0.86,
            0.82,
            0.82,
            0.81,
            0.81,
            0.72,
            0.88,
            0.79,
            0.82,
            0.76,
            0.77,
            0.82,
            0.82,
            0.73,
            0.84,
            0.84,
            0.86,
            0.82,
            0.81,
            0.87,
            0.8,
            0.81,
            0.79,
            0.77,
            0.81,
            0.87,
            0.82,
            0.69,
            0.83,
            0.73,
            0.83,
            0.76,
            0.82,
            0.8,
            0.75,
            0.76,
            0.77,
            0.8,
            0.8,
            0.73,
            0.8,
            0.88,
            0.8,
            0.87,
            0.86,
            0.76,
            0.85,
            0.77,
            0.82
        ]
    },
    {
        "average": [
            -26.37,
            -28.92,
            -28.39,
            -19.98,
            -26.28,
            -28.65,
            -34.69,
            -24.6,
            -36.88,
            -42.78,
            -28.93,
            -34.95,
            -30.51,
            -24.38,
            -28.66,
            -20.28,
            -20.34,
            -34.89,
            -36.67,
            -41.22,
            -32.55,
            -20.57,
            -32.8,
            -47.47,
            -28.86,
            -32.67,
            -45.39,
            -28.63,
            -20.17,
            -28.51,
            -32.59,
            -41.11,
            -32.81,
            -32.53,
            -30.45,
            -34.65,
            -20.03,
            -32.51,
            -36.77,
            -45.05,
            -26.66,
            -14.1,
            -30.61,
            -41.22,
            -28.15,
            -28.63,
            -20.07,
            -43.01,
            -37.14,
            -35.21,
            -34.59,
            -37.02,
            -39.08,
            -18.07,
            -47.17,
            -28.55,
            -20.21,
            -19.98,
            -32.75,
            -26.37,
            -30.56,
            -38.83,
            -30.3,
            -30.4,
            -24.46,
            -22.1,
            -36.92,
            -26.46,
            -15.91,
            -26.33,
            -34.74,
            -20.18,
            -17.93,
            -30.74,
            -26.38,
            -32.46,
            -40.95,
            -34.88,
            -41.16,
            -26.45,
            -41.22,
            -32.63,
            -32.96,
            -19.65,
            -26.51,
            -33.03,
            -36.77,
            -32.86,
            -24.52,
            -30.39,
            -22.25,
            -28.6,
            -26.19,
            -34.78,
            -45.11,
            -41.08,
            -24.54,
            -34.91,
            -35.22,
            -31.14
        ],
        "%wins": [
            0.83,
            0.82,
            0.82,
            0.86,
            0.83,
            0.82,
            0.79,
            0.84,
            0.78,
            0.75,
            0.82,
            0.79,
            0.81,
            0.84,
            0.82,
            0.86,
            0.86,
            0.79,
            0.78,
            0.76,
            0.8,
            0.86,
            0.8,
            0.73,
            0.82,
            0.8,
            0.74,
            0.82,
            0.86,
            0.82,
            0.8,
            0.76,
            0.8,
            0.8,
            0.81,
            0.79,
            0.86,
            0.8,
            0.78,
            0.74,
            0.83,
            0.89,
            0.81,
            0.76,
            0.82,
            0.82,
            0.86,
            0.75,
            0.78,
            0.79,
            0.79,
            0.78,
            0.77,
            0.87,
            0.73,
            0.82,
            0.86,
            0.86,
            0.8,
            0.83,
            0.81,
            0.77,
            0.81,
            0.81,
            0.84,
            0.85,
            0.78,
            0.83,
            0.88,
            0.83,
            0.79,
            0.86,
            0.87,
            0.81,
            0.83,
            0.8,
            0.76,
            0.79,
            0.76,
            0.83,
            0.76,
            0.8,
            0.8,
            0.86,
            0.83,
            0.8,
            0.78,
            0.8,
            0.84,
            0.81,
            0.85,
            0.82,
            0.83,
            0.79,
            0.74,
            0.76,
            0.84,
            0.79,
            0.79,
            0.81
        ]
    },
    {
        "average": [
            -30.59,
            -30.31,
            -30.63,
            -37.17,
            -28.65,
            -24.39,
            -30.8,
            -32.95,
            -34.87,
            -36.84,
            -24.73,
            -37.22,
            -47.58,
            -43.0,
            -30.38,
            -32.44,
            -24.0,
            -37.13,
            -28.5,
            -37.19,
            -45.45,
            -43.05,
            -24.53,
            -35.12,
            -14.13,
            -30.95,
            -47.23,
            -41.03,
            -34.7,
            -24.59,
            -24.31,
            -30.88,
            -30.79,
            -39.47,
            -39.16,
            -32.9,
            -28.26,
            -34.72,
            -45.21,
            -30.75,
            -38.94,
            -24.54,
            -18.18,
            -26.73,
            -26.64,
            -39.15,
            -29.1,
            -43.59,
            -32.86,
            -32.93,
            -34.98,
            -22.52,
            -24.33,
            -39.0,
            -22.41,
            -24.53,
            -26.54,
            -38.71,
            -34.59,
            -39.19,
            -24.51,
            -28.72,
            -20.14,
            -39.27,
            -28.97,
            -32.85,
            -41.24,
            -30.38,
            -26.28,
            -30.79,
            -17.71,
            -34.93,
            -28.33,
            -30.68,
            -20.39,
            -51.45,
            -30.66,
            -24.29,
            -37.21,
            -36.83,
            -45.36,
            -22.3,
            -34.87,
            -18.24,
            -41.12,
            -39.07,
            -20.27,
            -26.59,
            -43.15,
            -34.84,
            -39.29,
            -22.34,
            -26.53,
            -22.06,
            -26.58,
            -28.52,
            -53.52,
            -37.01,
            -33.09,
            -39.26
        ],
        "%wins": [
            0.81,
            0.81,
            0.81,
            0.78,
            0.82,
            0.84,
            0.81,
            0.8,
            0.79,
            0.78,
            0.84,
            0.78,
            0.73,
            0.75,
            0.81,
            0.8,
            0.84,
            0.78,
            0.82,
            0.78,
            0.74,
            0.75,
            0.84,
            0.79,
            0.89,
            0.81,
            0.73,
            0.76,
            0.79,
            0.84,
            0.84,
            0.81,
            0.81,
            0.77,
            0.77,
            0.8,
            0.82,
            0.79,
            0.74,
            0.81,
            0.77,
            0.84,
            0.87,
            0.83,
            0.83,
            0.77,
            0.82,
            0.75,
            0.8,
            0.8,
            0.79,
            0.85,
            0.84,
            0.77,
            0.85,
            0.84,
            0.83,
            0.77,
            0.79,
            0.77,
            0.84,
            0.82,
            0.86,
            0.77,
            0.82,
            0.8,
            0.76,
            0.81,
            0.83,
            0.81,
            0.87,
            0.79,
            0.82,
            0.81,
            0.86,
            0.71,
            0.81,
            0.84,
            0.78,
            0.78,
            0.74,
            0.85,
            0.79,
            0.87,
            0.76,
            0.77,
            0.86,
            0.83,
            0.75,
            0.79,
            0.77,
            0.85,
            0.83,
            0.85,
            0.83,
            0.82,
            0.7,
            0.78,
            0.8,
            0.77
        ]
    },
    {
        "average": [
            -38.66,
            -24.43,
            -18.26,
            -43.25,
            -30.61,
            -34.83,
            -22.28,
            -26.6,
            -14.04,
            -30.8,
            -15.95,
            -34.77,
            -35.24,
            -39.18,
            -32.85,
            -47.21,
            -35.05,
            -32.94,
            -15.53,
            -36.8,
            -22.85,
            -22.59,
            -38.81,
            -32.82,
            -28.56,
            -38.9,
            -20.27,
            -17.82,
            -55.84,
            -30.65,
            -43.02,
            -24.21,
            -18.28,
            -30.64,
            -26.27,
            -43.15,
            -15.81,
            -28.93,
            -26.66,
            -38.85,
            -22.59,
            -22.24,
            -34.87,
            -22.33,
            -24.6,
            -32.67,
            -41.3,
            -22.18,
            -24.63,
            -14.1,
            -26.96,
            -20.07,
            -28.83,
            -28.65,
            -30.91,
            -30.73,
            -49.5,
            -16.16,
            -34.54,
            -28.75,
            -41.0,
            -39.27,
            -28.53,
            -28.3,
            -47.01,
            -24.17,
            -24.43,
            -20.09,
            -28.21,
            -30.8,
            -18.04,
            -33.03,
            -30.51,
            -35.15,
            -38.94,
            -30.93,
            -18.21,
            -28.61,
            -56.08,
            -26.37,
            -47.18,
            -26.55,
            -41.19,
            -28.8,
            -32.6,
            -43.43,
            -40.75,
            -39.12,
            -32.91,
            -32.81,
            -47.31,
            -32.67,
            -15.99,
            -32.43,
            -18.22,
            -20.52,
            -41.47,
            -22.36,
            -39.03,
            -28.55
        ],
        "%wins": [
            0.77,
            0.84,
            0.87,
            0.75,
            0.81,
            0.79,
            0.85,
            0.83,
            0.89,
            0.81,
            0.88,
            0.79,
            0.79,
            0.77,
            0.8,
            0.73,
            0.79,
            0.8,
            0.88,
            0.78,
            0.85,
            0.85,
            0.77,
            0.8,
            0.82,
            0.77,
            0.86,
            0.87,
            0.69,
            0.81,
            0.75,
            0.84,
            0.87,
            0.81,
            0.83,
            0.75,
            0.88,
            0.82,
            0.83,
            0.77,
            0.85,
            0.85,
            0.79,
            0.85,
            0.84,
            0.8,
            0.76,
            0.85,
            0.84,
            0.89,
            0.83,
            0.86,
            0.82,
            0.82,
            0.81,
            0.81,
            0.72,
            0.88,
            0.79,
            0.82,
            0.76,
            0.77,
            0.82,
            0.82,
            0.73,
            0.84,
            0.84,
            0.86,
            0.82,
            0.81,
            0.87,
            0.8,
            0.81,
            0.79,
            0.77,
            0.81,
            0.87,
            0.82,
            0.69,
            0.83,
            0.73,
            0.83,
            0.76,
            0.82,
            0.8,
            0.75,
            0.76,
            0.77,
            0.8,
            0.8,
            0.73,
            0.8,
            0.88,
            0.8,
            0.87,
            0.86,
            0.76,
            0.85,
            0.77,
            0.82
        ]
    },
    {
        "average": [
            -26.37,
            -28.92,
            -28.39,
            -19.98,
            -26.28,
            -28.65,
            -34.69,
            -24.6,
            -36.88,
            -42.78,
            -28.93,
            -34.95,
            -30.51,
            -24.38,
            -28.66,
            -20.28,
            -20.34,
            -34.89,
            -36.67,
            -41.22,
            -32.55,
            -20.57,
            -32.8,
            -47.47,
            -28.86,
            -32.67,
            -45.39,
            -28.63,
            -20.17,
            -28.51,
            -32.59,
            -41.11,
            -32.81,
            -32.53,
            -30.45,
            -34.65,
            -20.03,
            -32.51,
            -36.77,
            -45.05,
            -26.66,
            -14.1,
            -30.61,
            -41.22,
            -28.15,
            -28.63,
            -20.07,
            -43.01,
            -37.14,
            -35.21,
            -34.59,
            -37.02,
            -39.08,
            -18.07,
            -47.17,
            -28.55,
            -20.21,
            -19.98,
            -32.75,
            -26.37,
            -30.56,
            -38.83,
            -30.3,
            -30.4,
            -24.46,
            -22.1,
            -36.92,
            -26.46,
            -15.91,
            -26.33,
            -34.74,
            -20.18,
            -17.93,
            -30.74,
            -26.38,
            -32.46,
            -40.95,
            -34.88,
            -41.16,
            -26.45,
            -41.22,
            -32.63,
            -32.96,
            -19.65,
            -26.51,
            -33.03,
            -36.77,
            -32.86,
            -24.52,
            -30.39,
            -22.25,
            -28.6,
            -26.19,
            -34.78,
            -45.11,
            -41.08,
            -24.54,
            -34.91,
            -35.22,
            -31.14
        ],
        "%wins": [
            0.83,
            0.82,
            0.82,
            0.86,
            0.83,
            0.82,
            0.79,
            0.84,
            0.78,
            0.75,
            0.82,
            0.79,
            0.81,
            0.84,
            0.82,
            0.86,
            0.86,
            0.79,
            0.78,
            0.76,
            0.8,
            0.86,
            0.8,
            0.73,
            0.82,
            0.8,
            0.74,
            0.82,
            0.86,
            0.82,
            0.8,
            0.76,
            0.8,
            0.8,
            0.81,
            0.79,
            0.86,
            0.8,
            0.78,
            0.74,
            0.83,
            0.89,
            0.81,
            0.76,
            0.82,
            0.82,
            0.86,
            0.75,
            0.78,
            0.79,
            0.79,
            0.78,
            0.77,
            0.87,
            0.73,
            0.82,
            0.86,
            0.86,
            0.8,
            0.83,
            0.81,
            0.77,
            0.81,
            0.81,
            0.84,
            0.85,
            0.78,
            0.83,
            0.88,
            0.83,
            0.79,
            0.86,
            0.87,
            0.81,
            0.83,
            0.8,
            0.76,
            0.79,
            0.76,
            0.83,
            0.76,
            0.8,
            0.8,
            0.86,
            0.83,
            0.8,
            0.78,
            0.8,
            0.84,
            0.81,
            0.85,
            0.82,
            0.83,
            0.79,
            0.74,
            0.76,
            0.84,
            0.79,
            0.79,
            0.81
        ]
    },
    {
        "average": [
            -30.59,
            -30.31,
            -30.63,
            -37.17,
            -28.65,
            -24.39,
            -30.8,
            -32.95,
            -34.87,
            -36.84,
            -24.73,
            -37.22,
            -47.58,
            -43.0,
            -30.38,
            -32.44,
            -24.0,
            -37.13,
            -28.5,
            -37.19,
            -45.45,
            -43.05,
            -24.53,
            -35.12,
            -14.13,
            -30.95,
            -47.23,
            -41.03,
            -34.7,
            -24.59,
            -24.31,
            -30.88,
            -30.79,
            -39.47,
            -39.16,
            -32.9,
            -28.26,
            -34.72,
            -45.21,
            -30.75,
            -38.94,
            -24.54,
            -18.18,
            -26.73,
            -26.64,
            -39.15,
            -29.1,
            -43.59,
            -32.86,
            -32.93,
            -34.98,
            -22.52,
            -24.33,
            -39.0,
            -22.41,
            -24.53,
            -26.54,
            -38.71,
            -34.59,
            -39.19,
            -24.51,
            -28.72,
            -20.14,
            -39.27,
            -28.97,
            -32.85,
            -41.24,
            -30.38,
            -26.28,
            -30.79,
            -17.71,
            -34.93,
            -28.33,
            -30.68,
            -20.39,
            -51.45,
            -30.66,
            -24.29,
            -37.21,
            -36.83,
            -45.36,
            -22.3,
            -34.87,
            -18.24,
            -41.12,
            -39.07,
            -20.27,
            -26.59,
            -43.15,
            -34.84,
            -39.29,
            -22.34,
            -26.53,
            -22.06,
            -26.58,
            -28.52,
            -53.52,
            -37.01,
            -33.09,
            -39.26
        ],
        "%wins": [
            0.81,
            0.81,
            0.81,
            0.78,
            0.82,
            0.84,
            0.81,
            0.8,
            0.79,
            0.78,
            0.84,
            0.78,
            0.73,
            0.75,
            0.81,
            0.8,
            0.84,
            0.78,
            0.82,
            0.78,
            0.74,
            0.75,
            0.84,
            0.79,
            0.89,
            0.81,
            0.73,
            0.76,
            0.79,
            0.84,
            0.84,
            0.81,
            0.81,
            0.77,
            0.77,
            0.8,
            0.82,
            0.79,
            0.74,
            0.81,
            0.77,
            0.84,
            0.87,
            0.83,
            0.83,
            0.77,
            0.82,
            0.75,
            0.8,
            0.8,
            0.79,
            0.85,
            0.84,
            0.77,
            0.85,
            0.84,
            0.83,
            0.77,
            0.79,
            0.77,
            0.84,
            0.82,
            0.86,
            0.77,
            0.82,
            0.8,
            0.76,
            0.81,
            0.83,
            0.81,
            0.87,
            0.79,
            0.82,
            0.81,
            0.86,
            0.71,
            0.81,
            0.84,
            0.78,
            0.78,
            0.74,
            0.85,
            0.79,
            0.87,
            0.76,
            0.77,
            0.86,
            0.83,
            0.75,
            0.79,
            0.77,
            0.85,
            0.83,
            0.85,
            0.83,
            0.82,
            0.7,
            0.78,
            0.8,
            0.77
        ]
    },
    {
        "average": [
            -26.92,
            -28.82,
            -32.93,
            -26.59,
            -28.65,
            -35.4,
            -40.93,
            -34.74,
            -30.64,
            -36.99,
            -30.84,
            -45.61,
            -26.22,
            -39.09,
            -28.41,
            -51.47,
            -37.03,
            -26.52,
            -32.7,
            -32.77,
            -9.64,
            -30.78,
            -24.36,
            -26.56,
            -13.61,
            -43.06,
            -22.45,
            -34.77,
            -47.63,
            -36.96,
            -38.82,
            -22.27,
            -20.34,
            -24.34,
            -34.88,
            -35.23,
            -35.0,
            -24.73,
            -24.39,
            -47.4,
            -47.23,
            -24.26,
            -22.31,
            -34.85,
            -19.95,
            -32.48,
            -24.32,
            -35.02,
            -22.4,
            -22.03,
            -30.48,
            -24.31,
            -22.37,
            -46.99,
            -30.4,
            -45.22,
            -32.65,
            -15.79,
            -38.74,
            -36.88,
            -18.23,
            -24.5,
            -38.96,
            -16.5,
            -28.32,
            -45.48,
            -32.54,
            -32.97,
            -38.85,
            -16.0,
            -26.84,
            -28.68,
            -30.54,
            -28.61,
            -37.05,
            -37.2,
            -26.3,
            -24.38,
            -36.94,
            -18.53,
            -26.87,
            -43.31,
            -28.87,
            -30.76,
            -39.26,
            -36.92,
            -18.15,
            -28.44,
            -32.95,
            -19.76,
            -45.24,
            -26.68,
            -18.55,
            -26.57,
            -24.24,
            -38.94,
            -41.07,
            -30.62,
            -24.47,
            -24.51
        ],
        "%wins": [
            0.83,
            0.82,
            0.8,
            0.83,
            0.82,
            0.79,
            0.76,
            0.79,
            0.81,
            0.78,
            0.81,
            0.74,
            0.83,
            0.77,
            0.82,
            0.71,
            0.78,
            0.83,
            0.8,
            0.8,
            0.91,
            0.81,
            0.84,
            0.83,
            0.89,
            0.75,
            0.85,
            0.79,
            0.73,
            0.78,
            0.77,
            0.85,
            0.86,
            0.84,
            0.79,
            0.79,
            0.79,
            0.84,
            0.84,
            0.73,
            0.73,
            0.84,
            0.85,
            0.79,
            0.86,
            0.8,
            0.84,
            0.79,
            0.85,
            0.85,
            0.81,
            0.84,
            0.85,
            0.73,
            0.81,
            0.74,
            0.8,
            0.88,
            0.77,
            0.78,
            0.87,
            0.84,
            0.77,
            0.88,
            0.82,
            0.74,
            0.8,
            0.8,
            0.77,
            0.88,
            0.83,
            0.82,
            0.81,
            0.82,
            0.78,
            0.78,
            0.83,
            0.84,
            0.78,
            0.87,
            0.83,
            0.75,
            0.82,
            0.81,
            0.77,
            0.78,
            0.87,
            0.82,
            0.8,
            0.86,
            0.74,
            0.83,
            0.87,
            0.83,
            0.84,
            0.77,
            0.76,
            0.81,
            0.84,
            0.84
        ]
    },
    {
        "average": [
            -32.97,
            -24.54,
            -28.31,
            -22.57,
            -34.99,
            -36.97,
            -45.36,
            -32.95,
            -20.47,
            -20.4,
            -14.16,
            -30.63,
            -9.59,
            -28.71,
            -18.11,
            -17.91,
            -26.68,
            -20.09,
            -24.62,
            -32.59,
            -22.42,
            -20.25,
            -32.94,
            -26.39,
            -22.17,
            -32.78,
            -39.27,
            -22.52,
            -37.04,
            -38.76,
            -22.35,
            -28.33,
            -32.75,
            -21.97,
            -37.23,
            -22.7,
            -30.59,
            -22.31,
            -34.93,
            -34.7,
            -28.66,
            -32.78,
            -45.22,
            -37.18,
            -32.79,
            -24.42,
            -17.8,
            -26.6,
            -24.62,
            -37.36,
            -30.69,
            -34.97,
            -24.24,
            -24.64,
            -37.34,
            -32.91,
            -34.95,
            -18.38,
            -11.86,
            -30.73,
            -47.42,
            -30.68,
            -35.11,
            -24.85,
            -15.98,
            -37.35,
            -37.14,
            -26.4,
            -39.07,
            -41.14,
            -24.59,
            -36.8,
            -18.29,
            -49.77,
            -45.14,
            -35.07,
            -32.81,
            -32.59,
            -18.09,
            -26.68,
            -34.99,
            -32.65,
            -39.01,
            -22.03,
            -45.31,
            -28.56,
            -38.88,
            -26.51,
            -28.22,
            -39.07,
            -34.75,
            -26.24,
            -34.73,
            -39.06,
            -24.26,
            -30.46,
            -37.22,
            -15.68,
            -45.71,
            -43.34
        ],
        "%wins": [
            0.8,
            0.84,
            0.82,
            0.85,
            0.79,
            0.78,
            0.74,
            0.8,
            0.86,
            0.86,
            0.89,
            0.81,
            0.91,
            0.82,
            0.87,
            0.87,
            0.83,
            0.86,
            0.84,
            0.8,
            0.85,
            0.86,
            0.8,
            0.83,
            0.85,
            0.8,
            0.77,
            0.85,
            0.78,
            0.77,
            0.85,
            0.82,
            0.8,
            0.85,
            0.78,
            0.85,
            0.81,
            0.85,
            0.79,
            0.79,
            0.82,
            0.8,
            0.74,
            0.78,
            0.8,
            0.84,
            0.87,
            0.83,
            0.84,
            0.78,
            0.81,
            0.79,
            0.84,
            0.84,
            0.78,
            0.8,
            0.79,
            0.87,
            0.9,
            0.81,
            0.73,
            0.81,
            0.79,
            0.84,
            0.88,
            0.78,
            0.78,
            0.83,
            0.77,
            0.76,
            0.84,
            0.78,
            0.87,
            0.72,
            0.74,
            0.79,
            0.8,
            0.8,
            0.87,
            0.83,
            0.79,
            0.8,
            0.77,
            0.85,
            0.74,
            0.82,
            0.77,
            0.83,
            0.82,
            0.77,
            0.79,
            0.83,
            0.79,
            0.77,
            0.84,
            0.81,
            0.78,
            0.88,
            0.74,
            0.75
        ]
    }
]