[
    {
        "%wins": [
            0.61,
            0.61,
            0.63,
            0.55,
            0.58,
            0.6,
            0.62,
            0.54,
            0.65,
            0.61,
            0.62,
            0.62,
            0.62,
            0.7,
            0.52,
            0.58,
            0.62,
            0.68,
            0.66,
            0.64,
            0.65,
            0.59,
            0.71,
            0.64,
            0.58,
            0.56,
            0.56,
            0.63,
            0.61,
            0.6,
            0.69,
            0.6,
            0.64,
            0.57,
            0.67,
            0.63,
            0.5,
            0.67,
            0.56,
            0.51,
            0.62,
            0.72,
            0.62,
            0.6,
            0.62,
            0.65,
            0.59,
            0.58,
            0.72,
            0.57,
            0.59,
            0.58,
            0.61,
            0.54,
            0.58,
            0.61,
            0.62,
            0.56,
            0.52,
            0.64,
            0.59,
            0.61,
            0.5,
            0.64,
            0.58,
            0.56,
            0.52,
            0.57,
            0.68,
            0.64,
            0.65,
            0.62,
            0.64,
            0.6,
            0.68,
            0.6,
            0.6,
            0.6,
            0.55,
            0.64,
            0.65,
            0.57,
            0.56,
            0.68,
            0.65,
            0.67,
            0.54,
            0.59,
            0.66,
            0.66,
            0.56,
            0.55,
            0.52,
            0.63,
            0.64,
            0.64,
            0.53,
            0.61,
            0.58,
            0.58
        ]
    },
    {
        "%wins": [
            0.65,
            0.55,
            0.61,
            0.58,
            0.55,
            0.59,
            0.64,
            0.55,
            0.51,
            0.66,
            0.64,
            0.55,
            0.6,
            0.65,
            0.64,
            0.65,
            0.63,
            0.59,
            0.6,
            0.62,
            0.65,
            0.61,
            0.52,
            0.54,
            0.6,
            0.53,
            0.6,
            0.57,
            0.67,
            0.62,
            0.6,
            0.55,
            0.65,
            0.51,
            0.64,
            0.71,
            0.59,
            0.63,
            0.57,
            0.66,
            0.6,
            0.66,
            0.6,
            0.64,
            0.64,
            0.59,
            0.6,
            0.72,
            0.62,
            0.67,
            0.63,
            0.63,
            0.52,
            0.7,
            0.6,
            0.7,
            0.64,
            0.62,
            0.6,
            0.6,
            0.6,
            0.58,
            0.54,
            0.56,
            0.59,
            0.6,
            0.59,
            0.58,
            0.59,
            0.62,
            0.63,
            0.71,
            0.58,
            0.59,
            0.63,
            0.66,
            0.64,
            0.69,
            0.59,
            0.63,
            0.59,
            0.72,
            0.7,
            0.58,
            0.59,
            0.63,
            0.6,
            0.54,
            0.67,
            0.68,
            0.58,
            0.66,
            0.61,
            0.54,
            0.66,
            0.57,
            0.6,
            0.7,
            0.57,
            0.65
        ]
    },
    {
        "%wins": [
            0.66,
            0.63,
            0.73,
            0.6,
            0.65,
            0.6,
            0.64,
            0.57,
            0.61,
            0.51,
            0.59,
            0.64,
            0.55,
            0.58,
            0.66,
            0.64,
            0.62,
            0.65,
            0.58,
            0.59,
            0.67,
            0.6,
            0.62,
            0.56,
            0.63,
            0.66,
            0.67,
            0.63,
            0.6,
            0.57,
            0.65,
            0.69,
            0.67,
            0.64,
            0.74,
            0.58,
            0.61,
            0.67,
            0.6,
            0.59,
            0.62,
            0.59,
            0.61,
            0.68,
            0.6,
            0.55,
            0.53,
            0.55,
            0.63,
            0.64,
            0.66,
            0.61,
            0.57,
            0.63,
            0.6,
            0.57,
            0.68,
            0.65,
            0.56,
            0.64,
            0.55,
            0.53,
            0.61,
            0.69,
            0.65,
            0.53,
            0.65,
            0.59,
            0.62,
            0.71,
            0.61,
            0.65,
            0.58,
            0.6,
            0.5,
            0.63,
            0.62,
            0.62,
            0.62,
            0.56,
            0.59,
            0.53,
            0.55,
            0.57,
            0.7,
            0.61,
            0.52,
            0.72,
            0.63,
            0.63,
            0.58,
            0.53,
            0.6,
            0.63,
            0.64,
            0.66,
            0.62,
            0.58,
            0.65,
            0.61
        ]
    },
    {
        "%wins": [
            0.61,
            0.61,
            0.63,
            0.55,
            0.58,
            0.6,
            0.62,
            0.54,
            0.65,
            0.61,
            0.62,
            0.62,
            0.62,
            0.7,
            0.52,
            0.58,
            0.62,
            0.68,
            0.66,
            0.64,
            0.65,
            0.59,
            0.71,
            0.64,
            0.58,
            0.56,
            0.56,
            0.63,
            0.61,
            0.6,
            0.69,
            0.6,
            0.64,
            0.57,
            0.67,
            0.63,
            0.5,
            0.67,
            0.56,
            0.51,
            0.62,
            0.72,
            0.62,
            0.6,
            0.62,
            0.65,
            0.59,
            0.58,
            0.72,
            0.57,
            0.59,
            0.58,
            0.61,
            0.54,
            0.58,
            0.61,
            0.62,
            0.56,
            0.52,
            0.64,
            0.59,
            0.61,
            0.5,
            0.64,
            0.58,
            0.56,
            0.52,
            0.57,
            0.68,
            0.64,
            0.65,
            0.62,
            0.64,
            0.6,
            0.68,
            0.6,
            0.6,
            0.6,
            0.55,
            0.64,
            0.65,
            0.57,
            0.56,
            0.68,
            0.65,
            0.67,
            0.54,
            0.59,
            0.66,
            0.66,
            0.56,
            0.55,
            0.52,
            0.63,
            0.64,
            0.64,
            0.53,
            0.61,
            0.58,
            0.58
        ]
    },
    {
        "%wins": [
            0.65,
            0.55,
            0.61,
            0.58,
            0.55,
            0.59,
            0.64,
            0.55,
            0.51,
            0.66,
            0.64,
            0.55,
            0.6,
            0.65,
            0.64,
            0.65,
            0.63,
            0.59,
            0.6,
            0.62,
            0.65,
            0.61,
            0.52,
            0.54,
            0.6,
            0.53,
            0.6,
            0.57,
            0.67,
            0.62,
            0.6,
            0.55,
            0.65,
            0.51,
            0.64,
            0.71,
            0.59,
            0.63,
            0.57,
            0.66,
            0.6,
            0.66,
            0.6,
            0.64,
            0.64,
            0.59,
            0.6,
            0.72,
            0.62,
            0.67,
            0.63,
            0.63,
            0.52,
            0.7,
            0.6,
            0.7,
            0.64,
            0.62,
            0.6,
            0.6,
            0.6,
            0.58,
            0.54,
            0.56,
            0.59,
            0.6,
            0.59,
            0.58,
            0.59,
            0.62,
            0.63,
            0.71,
            0.58,
            0.59,
            0.63,
            0.66,
            0.64,
            0.69,
            0.59,
            0.63,
            0.59,
            0.72,
            0.7,
            0.58,
            0.59,
            0.63,
            0.6,
            0.54,
            0.67,
            0.68,
            0.58,
            0.66,
            0.61,
            0.54,
            0.66,
            0.57,
            0.6,
            0.7,
            0.57,
            0.65
        ]
    },
    {
        "%wins": [
            0.66,
            0.63,
            0.73,
            0.6,
            0.65,
            0.6,
            0.64,
            0.57,
            0.61,
            0.51,
            0.59,
            0.64,
            0.55,
            0.58,
            0.66,
            0.64,
            0.62,
            0.65,
            0.58,
            0.59,
            0.67,
            0.6,
            0.62,
            0.56,
            0.63,
            0.66,
            0.67,
            0.63,
            0.6,
            0.57,
            0.65,
            0.69,
            0.67,
            0.64,
            0.74,
            0.58,
            0.61,
            0.67,
            0.6,
            0.59,
            0.62,
            0.59,
            0.61,
            0.68,
            0.6,
            0.55,
            0.53,
            0.55,
            0.63,
            0.64,
            0.66,
            0.61,
            0.57,
            0.63,
            0.6,
            0.57,
            0.68,
            0.65,
            0.56,
            0.64,
            0.55,
            0.53,
            0.61,
            0.69,
            0.65,
            0.53,
            0.65,
            0.59,
            0.62,
            0.71,
            0.61,
            0.65,
            0.58,
            0.6,
            0.5,
            0.63,
            0.62,
            0.62,
            0.62,
            0.56,
            0.59,
            0.53,
            0.55,
            0.57,
            0.7,
            0.61,
            0.52,
            0.72,
            0.63,
            0.63,
            0.58,
            0.53,
            0.6,
            0.63,
            0.64,
            0.66,
            0.62,
            0.58,
            0.65,
            0.61
        ]
    },
    {
        "%wins": [
            0.61,
            0.61,
            0.63,
            0.55,
            0.58,
            0.6,
            0.62,
            0.54,
            0.65,
            0.61,
            0.62,
            0.62,
            0.62,
            0.7,
            0.52,
            0.58,
            0.62,
            0.68,
            0.66,
            0.64,
            0.65,
            0.59,
            0.71,
            0.64,
            0.58,
            0.56,
            0.56,
            0.63,
            0.61,
            0.6,
            0.69,
            0.6,
            0.64,
            0.57,
            0.67,
            0.63,
            0.5,
            0.67,
            0.56,
            0.51,
            0.62,
            0.72,
            0.62,
            0.6,
            0.62,
            0.65,
            0.59,
            0.58,
            0.72,
            0.57,
            0.59,
            0.58,
            0.61,
            0.54,
            0.58,
            0.61,
            0.62,
            0.56,
            0.52,
            0.64,
            0.59,
            0.61,
            0.5,
            0.64,
            0.58,
            0.56,
            0.52,
            0.57,
            0.68,
            0.64,
            0.65,
            0.62,
            0.64,
            0.6,
            0.68,
            0.6,
            0.6,
            0.6,
            0.55,
            0.64,
            0.65,
            0.57,
            0.56,
            0.68,
            0.65,
            0.67,
            0.54,
            0.59,
            0.66,
            0.66,
            0.56,
            0.55,
            0.52,
            0.63,
            0.64,
            0.64,
            0.53,
            0.61,
            0.58,
            0.58
        ]
    },
    {
        "%wins": [
            0.65,
            0.55,
            0.61,
            0.58,
            0.55,
            0.59,
            0.64,
            0.55,
            0.51,
            0.66,
            0.64,
            0.55,
            0.6,
            0.65,
            0.64,
            0.65,
            0.63,
            0.59,
            0.6,
            0.62,
            0.65,
            0.61,
            0.52,
            0.54,
            0.6,
            0.53,
            0.6,
            0.57,
            0.67,
            0.62,
            0.6,
            0.55,
            0.65,
            0.51,
            0.64,
            0.71,
            0.59,
            0.63,
            0.57,
            0.66,
            0.6,
            0.66,
            0.6,
            0.64,
            0.64,
            0.59,
            0.6,
            0.72,
            0.62,
            0.67,
            0.63,
            0.63,
            0.52,
            0.7,
            0.6,
            0.7,
            0.64,
            0.62,
            0.6,
            0.6,
            0.6,
            0.58,
            0.54,
            0.56,
            0.59,
            0.6,
            0.59,
            0.58,
            0.59,
            0.62,
            0.63,
            0.71,
            0.58,
            0.59,
            0.63,
            0.66,
            0.64,
            0.69,
            0.59,
            0.63,
            0.59,
            0.72,
            0.7,
            0.58,
            0.59,
            0.63,
            0.6,
            0.54,
            0.67,
            0.68,
            0.58,
            0.66,
            0.61,
            0.54,
            0.66,
            0.57,
            0.6,
            0.7,
            0.57,
            0.65
        ]
    },
    {
        "%wins": [
            0.66,
            0.63,
            0.73,
            0.6,
            0.65,
            0.6,
            0.64,
            0.57,
            0.61,
            0.51,
            0.59,
            0.64,
            0.55,
            0.58,
            0.66,
            0.64,
            0.62,
            0.65,
            0.58,
            0.59,
            0.67,
            0.6,
            0.62,
            0.56,
            0.63,
            0.66,
            0.67,
            0.63,
            0.6,
            0.57,
            0.65,
            0.69,
            0.67,
            0.64,
            0.74,
            0.58,
            0.61,
            0.67,
            0.6,
            0.59,
            0.62,
            0.59,
            0.61,
            0.68,
            0.6,
            0.55,
            0.53,
            0.55,
            0.63,
            0.64,
            0.66,
            0.61,
            0.57,
            0.63,
            0.6,
            0.57,
            0.68,
            0.65,
            0.56,
            0.64,
            0.55,
            0.53,
            0.61,
            0.69,
            0.65,
            0.53,
            0.65,
            0.59,
            0.62,
            0.71,
            0.61,
            0.65,
            0.58,
            0.6,
            0.5,
            0.63,
            0.62,
            0.62,
            0.62,
            0.56,
            0.59,
            0.53,
            0.55,
            0.57,
            0.7,
            0.61,
            0.52,
            0.72,
            0.63,
            0.63,
            0.58,
            0.53,
            0.6,
            0.63,
            0.64,
            0.66,
            0.62,
            0.58,
            0.65,
            0.61
        ]
    },
    {
        "%wins": [
            0.61,
            0.61,
            0.63,
            0.55,
            0.58,
            0.6,
            0.62,
            0.54,
            0.65,
            0.61,
            0.62,
            0.62,
            0.62,
            0.7,
            0.52,
            0.58,
            0.62,
            0.68,
            0.66,
            0.64,
            0.65,
            0.59,
            0.71,
            0.64,
            0.58,
            0.56,
            0.56,
            0.63,
            0.61,
            0.6,
            0.69,
            0.6,
            0.64,
            0.57,
            0.67,
            0.63,
            0.5,
            0.67,
            0.56,
            0.51,
            0.62,
            0.72,
            0.62,
            0.6,
            0.62,
            0.65,
            0.59,
            0.58,
            0.72,
            0.57,
            0.59,
            0.58,
            0.61,
            0.54,
            0.58,
            0.61,
            0.62,
            0.56,
            0.52,
            0.64,
            0.59,
            0.61,
            0.5,
            0.64,
            0.58,
            0.56,
            0.52,
            0.57,
            0.68,
            0.64,
            0.65,
            0.62,
            0.64,
            0.6,
            0.68,
            0.6,
            0.6,
            0.6,
            0.55,
            0.64,
            0.65,
            0.57,
            0.56,
            0.68,
            0.65,
            0.67,
            0.54,
            0.59,
            0.66,
            0.66,
            0.56,
            0.55,
            0.52,
            0.63,
            0.64,
            0.64,
            0.53,
            0.61,
            0.58,
            0.58
        ]
    }
]