[
    {
        "%wins": [
            0.9,
            0.82,
            0.91,
            0.88,
            0.85,
            0.86,
            0.9,
            0.95,
            0.91,
            0.93,
            0.89,
            0.88,
            0.86,
            0.86,
            0.86,
            0.91,
            0.9,
            0.91,
            0.87,
            0.9,
            0.88,
            0.86,
            0.88,
            0.91,
            0.9,
            0.85,
            0.87,
            0.9,
            0.89,
            0.85,
            0.87,
            0.9,
            0.9,
            0.9,
            0.88,
            0.91,
            0.92,
            0.86,
            0.82,
            0.87,
            0.93,
            0.92,
            0.84,
            0.86,
            0.91,
            0.84,
            0.88,
            0.88,
            0.87,
            0.94,
            0.88,
            0.87,
            0.88,
            0.9,
            0.91,
            0.91,
            0.82,
            0.88,
            0.84,
            0.85,
            0.9,
            0.9,
            0.94,
            0.92,
            0.9,
            0.82,
            0.91,
            0.91,
            0.9,
            0.93,
            0.92,
            0.89,
            0.88,
            0.89,
            0.89,
            0.88,
            0.92,
            0.92,
            0.85,
            0.86,
            0.89,
            0.84,
            0.92,
            0.85,
            0.95,
            0.92,
            0.87,
            0.91,
            0.88,
            0.87,
            0.85,
            0.9,
            0.92,
            0.88,
            0.92,
            0.89,
            0.88,
            0.9,
            0.85,
            0.87
        ]
    },
    {
        "%wins": [
            0.84,
            0.89,
            0.89,
            0.88,
            0.9,
            0.84,
            0.87,
            0.91,
            0.86,
            0.86,
            0.91,
            0.93,
            0.85,
            0.87,
            0.9,
            0.88,
            0.86,
            0.87,
            0.87,
            0.89,
            0.88,
            0.86,
            0.91,
            0.86,
            0.88,
            0.84,
            0.93,
            0.82,
            0.94,
            0.89,
            0.9,
            0.85,
            0.92,
            0.96,
            0.88,
            0.83,
            0.88,
            0.89,
            0.87,
            0.92,
            0.9,
            0.89,
            0.88,
            0.9,
            0.88,
            0.86,
            0.9,
            0.91,
            0.88,
            0.86,
            0.88,
            0.78,
            0.88,
            0.94,
            0.94,
            0.85,
            0.95,
            0.94,
            0.87,
            0.9,
            0.88,
            0.95,
            0.91,
            0.87,
            0.94,
            0.88,
            0.88,
            0.92,
            0.86,
            0.88,
            0.87,
            0.95,
            0.87,
            0.85,
            0.88,
            0.91,
            0.94,
            0.83,
            0.88,
            0.85,
            0.91,
            0.83,
            0.87,
            0.86,
            0.93,
            0.92,
            0.89,
            0.89,
            0.87,
            0.85,
            0.83,
            0.86,
            0.84,
            0.86,
            0.9,
            0.89,
            0.9,
            0.9,
            0.9,
            0.86
        ]
    },
    {
        "%wins": [
            0.89,
            0.86,
            0.87,
            0.92,
            0.89,
            0.81,
            0.82,
            0.91,
            0.87,
            0.85,
            0.81,
            0.85,
            0.92,
            0.86,
            0.85,
            0.85,
            0.86,
            0.88,
            0.93,
            0.84,
            0.9,
            0.86,
            0.85,
            0.81,
            0.92,
            0.86,
            0.84,
            0.92,
            0.87,
            0.8,
            0.84,
            0.91,
            0.87,
            0.84,
            0.83,
            0.9,
            0.93,
            0.9,
            0.89,
            0.85,
            0.89,
            0.87,
            0.93,
            0.9,
            0.89,
            0.85,
            0.87,
            0.83,
            0.96,
            0.89,
            0.92,
            0.9,
            0.91,
            0.9,
            0.87,
            0.95,
            0.89,
            0.88,
            0.9,
            0.88,
            0.85,
            0.86,
            0.9,
            0.91,
            0.92,
            0.88,
            0.93,
            0.87,
            0.92,
            0.89,
            0.91,
            0.86,
            0.93,
            0.9,
            0.92,
            0.92,
            0.84,
            0.86,
            0.84,
            0.87,
            0.87,
            0.85,
            0.9,
            0.84,
            0.92,
            0.88,
            0.92,
            0.85,
            0.9,
            0.92,
            0.88,
            0.9,
            0.86,
            0.86,
            0.89,
            0.87,
            0.89,
            0.91,
            0.94,
            0.86
        ]
    },
    {
        "%wins": [
            0.9,
            0.82,
            0.91,
            0.88,
            0.85,
            0.86,
            0.9,
            0.95,
            0.91,
            0.93,
            0.89,
            0.88,
            0.86,
            0.86,
            0.86,
            0.91,
            0.9,
            0.91,
            0.87,
            0.9,
            0.88,
            0.86,
            0.88,
            0.91,
            0.9,
            0.85,
            0.87,
            0.9,
            0.89,
            0.85,
            0.87,
            0.9,
            0.9,
            0.9,
            0.88,
            0.91,
            0.92,
            0.86,
            0.82,
            0.87,
            0.93,
            0.92,
            0.84,
            0.86,
            0.91,
            0.84,
            0.88,
            0.88,
            0.87,
            0.94,
            0.88,
            0.87,
            0.88,
            0.9,
            0.91,
            0.91,
            0.82,
            0.88,
            0.84,
            0.85,
            0.9,
            0.9,
            0.94,
            0.92,
            0.9,
            0.82,
            0.91,
            0.91,
            0.9,
            0.93,
            0.92,
            0.89,
            0.88,
            0.89,
            0.89,
            0.88,
            0.92,
            0.92,
            0.85,
            0.86,
            0.89,
            0.84,
            0.92,
            0.85,
            0.95,
            0.92,
            0.87,
            0.91,
            0.88,
            0.87,
            0.85,
            0.9,
            0.92,
            0.88,
            0.92,
            0.89,
            0.88,
            0.9,
            0.85,
            0.87
        ]
    },
    {
        "%wins": [
            0.84,
            0.89,
            0.89,
            0.88,
            0.9,
            0.84,
            0.87,
            0.91,
            0.86,
            0.86,
            0.91,
            0.93,
            0.85,
            0.87,
            0.9,
            0.88,
            0.86,
            0.87,
            0.87,
            0.89,
            0.88,
            0.86,
            0.91,
            0.86,
            0.88,
            0.84,
            0.93,
            0.82,
            0.94,
            0.89,
            0.9,
            0.85,
            0.92,
            0.96,
            0.88,
            0.83,
            0.88,
            0.89,
            0.87,
            0.92,
            0.9,
            0.89,
            0.88,
            0.9,
            0.88,
            0.86,
            0.9,
            0.91,
            0.88,
            0.86,
            0.88,
            0.78,
            0.88,
            0.94,
            0.94,
            0.85,
            0.95,
            0.94,
            0.87,
            0.9,
            0.88,
            0.95,
            0.91,
            0.87,
            0.94,
            0.88,
            0.88,
            0.92,
            0.86,
            0.88,
            0.87,
            0.95,
            0.87,
            0.85,
            0.88,
            0.91,
            0.94,
            0.83,
            0.88,
            0.85,
            0.91,
            0.83,
            0.87,
            0.86,
            0.93,
            0.92,
            0.89,
            0.89,
            0.87,
            0.85,
            0.83,
            0.86,
            0.84,
            0.86,
            0.9,
            0.89,
            0.9,
            0.9,
            0.9,
            0.86
        ]
    },
    {
        "%wins": [
            0.89,
            0.86,
            0.87,
            0.92,
            0.89,
            0.81,
            0.82,
            0.91,
            0.87,
            0.85,
            0.81,
            0.85,
            0.92,
            0.86,
            0.85,
            0.85,
            0.86,
            0.88,
            0.93,
            0.84,
            0.9,
            0.86,
            0.85,
            0.81,
            0.92,
            0.86,
            0.84,
            0.92,
            0.87,
            0.8,
            0.84,
            0.91,
            0.87,
            0.84,
            0.83,
            0.9,
            0.93,
            0.9,
            0.89,
            0.85,
            0.89,
            0.87,
            0.93,
            0.9,
            0.89,
            0.85,
            0.87,
            0.83,
            0.96,
            0.89,
            0.92,
            0.9,
            0.91,
            0.9,
            0.87,
            0.95,
            0.89,
            0.88,
            0.9,
            0.88,
            0.85,
            0.86,
            0.9,
            0.91,
            0.92,
            0.88,
            0.93,
            0.87,
            0.92,
            0.89,
            0.91,
            0.86,
            0.93,
            0.9,
            0.92,
            0.92,
            0.84,
            0.86,
            0.84,
            0.87,
            0.87,
            0.85,
            0.9,
            0.84,
            0.92,
            0.88,
            0.92,
            0.85,
            0.9,
            0.92,
            0.88,
            0.9,
            0.86,
            0.86,
            0.89,
            0.87,
            0.89,
            0.91,
            0.94,
            0.86
        ]
    },
    {
        "%wins": [
            0.9,
            0.82,
            0.91,
            0.88,
            0.85,
            0.86,
            0.9,
            0.95,
            0.91,
            0.93,
            0.89,
            0.88,
            0.86,
            0.86,
            0.86,
            0.91,
            0.9,
            0.91,
            0.87,
            0.9,
            0.88,
            0.86,
            0.88,
            0.91,
            0.9,
            0.85,
            0.87,
            0.9,
            0.89,
            0.85,
            0.87,
            0.9,
            0.9,
            0.9,
            0.88,
            0.91,
            0.92,
            0.86,
            0.82,
            0.87,
            0.93,
            0.92,
            0.84,
            0.86,
            0.91,
            0.84,
            0.88,
            0.88,
            0.87,
            0.94,
            0.88,
            0.87,
            0.88,
            0.9,
            0.91,
            0.91,
            0.82,
            0.88,
            0.84,
            0.85,
            0.9,
            0.9,
            0.94,
            0.92,
            0.9,
            0.82,
            0.91,
            0.91,
            0.9,
            0.93,
            0.92,
            0.89,
            0.88,
            0.89,
            0.89,
            0.88,
            0.92,
            0.92,
            0.85,
            0.86,
            0.89,
            0.84,
            0.92,
            0.85,
            0.95,
            0.92,
            0.87,
            0.91,
            0.88,
            0.87,
            0.85,
            0.9,
            0.92,
            0.88,
            0.92,
            0.89,
            0.88,
            0.9,
            0.85,
            0.87
        ]
    },
    {
        "%wins": [
            0.84,
            0.89,
            0.89,
            0.88,
            0.9,
            0.84,
            0.87,
            0.91,
            0.86,
            0.86,
            0.91,
            0.93,
            0.85,
            0.87,
            0.9,
            0.88,
            0.86,
            0.87,
            0.87,
            0.89,
            0.88,
            0.86,
            0.91,
            0.86,
            0.88,
            0.84,
            0.93,
            0.82,
            0.94,
            0.89,
            0.9,
            0.85,
            0.92,
            0.96,
            0.88,
            0.83,
            0.88,
            0.89,
            0.87,
            0.92,
            0.9,
            0.89,
            0.88,
            0.9,
            0.88,
            0.86,
            0.9,
            0.91,
            0.88,
            0.86,
            0.88,
            0.78,
            0.88,
            0.94,
            0.94,
            0.85,
            0.95,
            0.94,
            0.87,
            0.9,
            0.88,
            0.95,
            0.91,
            0.87,
            0.94,
            0.88,
            0.88,
            0.92,
            0.86,
            0.88,
            0.87,
            0.95,
            0.87,
            0.85,
            0.88,
            0.91,
            0.94,
            0.83,
            0.88,
            0.85,
            0.91,
            0.83,
            0.87,
            0.86,
            0.93,
            0.92,
            0.89,
            0.89,
            0.87,
            0.85,
            0.83,
            0.86,
            0.84,
            0.86,
            0.9,
            0.89,
            0.9,
            0.9,
            0.9,
            0.86
        ]
    },
    {
        "%wins": [
            0.89,
            0.86,
            0.87,
            0.92,
            0.89,
            0.81,
            0.82,
            0.91,
            0.87,
            0.85,
            0.81,
            0.85,
            0.92,
            0.86,
            0.85,
            0.85,
            0.86,
            0.88,
            0.93,
            0.84,
            0.9,
            0.86,
            0.85,
            0.81,
            0.92,
            0.86,
            0.84,
            0.92,
            0.87,
            0.8,
            0.84,
            0.91,
            0.87,
            0.84,
            0.83,
            0.9,
            0.93,
            0.9,
            0.89,
            0.85,
            0.89,
            0.87,
            0.93,
            0.9,
            0.89,
            0.85,
            0.87,
            0.83,
            0.96,
            0.89,
            0.92,
            0.9,
            0.91,
            0.9,
            0.87,
            0.95,
            0.89,
            0.88,
            0.9,
            0.88,
            0.85,
            0.86,
            0.9,
            0.91,
            0.92,
            0.88,
            0.93,
            0.87,
            0.92,
            0.89,
            0.91,
            0.86,
            0.93,
            0.9,
            0.92,
            0.92,
            0.84,
            0.86,
            0.84,
            0.87,
            0.87,
            0.85,
            0.9,
            0.84,
            0.92,
            0.88,
            0.92,
            0.85,
            0.9,
            0.92,
            0.88,
            0.9,
            0.86,
            0.86,
            0.89,
            0.87,
            0.89,
            0.91,
            0.94,
            0.86
        ]
    },
    {
        "%wins": [
            0.9,
            0.82,
            0.91,
            0.88,
            0.85,
            0.86,
            0.9,
            0.95,
            0.91,
            0.93,
            0.89,
            0.88,
            0.86,
            0.86,
            0.86,
            0.91,
            0.9,
            0.91,
            0.87,
            0.9,
            0.88,
            0.86,
            0.88,
            0.91,
            0.9,
            0.85,
            0.87,
            0.9,
            0.89,
            0.85,
            0.87,
            0.9,
            0.9,
            0.9,
            0.88,
            0.91,
            0.92,
            0.86,
            0.82,
            0.87,
            0.93,
            0.92,
            0.84,
            0.86,
            0.91,
            0.84,
            0.88,
            0.88,
            0.87,
            0.94,
            0.88,
            0.87,
            0.88,
            0.9,
            0.91,
            0.91,
            0.82,
            0.88,
            0.84,
            0.85,
            0.9,
            0.9,
            0.94,
            0.92,
            0.9,
            0.82,
            0.91,
            0.91,
            0.9,
            0.93,
            0.92,
            0.89,
            0.88,
            0.89,
            0.89,
            0.88,
            0.92,
            0.92,
            0.85,
            0.86,
            0.89,
            0.84,
            0.92,
            0.85,
            0.95,
            0.92,
            0.87,
            0.91,
            0.88,
            0.87,
            0.85,
            0.9,
            0.92,
            0.88,
            0.92,
            0.89,
            0.88,
            0.9,
            0.85,
            0.87
        ]
    }
]