[
    {
        "%wins": [
            0.62,
            0.49,
            0.65,
            0.56,
            0.66,
            0.6,
            0.62,
            0.61,
            0.58,
            0.58,
            0.61,
            0.56,
            0.53,
            0.66,
            0.57,
            0.47,
            0.53,
            0.62,
            0.57,
            0.52,
            0.5,
            0.66,
            0.6,
            0.61,
            0.54,
            0.53,
            0.61,
            0.59,
            0.6,
            0.55,
            0.49,
            0.57,
            0.61,
            0.6,
            0.61,
            0.53,
            0.56,
            0.58,
            0.64,
            0.54,
            0.54,
            0.56,
            0.56,
            0.56,
            0.59,
            0.64,
            0.54,
            0.62,
            0.55,
            0.59,
            0.5,
            0.56,
            0.55,
            0.59,
            0.56,
            0.51,
            0.69,
            0.63,
            0.53,
            0.63,
            0.53,
            0.59,
            0.54,
            0.56,
            0.6,
            0.56,
            0.56,
            0.54,
            0.69,
            0.6,
            0.49,
            0.54,
            0.6,
            0.55,
            0.62,
            0.59,
            0.59,
            0.58,
            0.64,
            0.67,
            0.65,
            0.67,
            0.67,
            0.51,
            0.6,
            0.58,
            0.68,
            0.55,
            0.62,
            0.58,
            0.59,
            0.6,
            0.52,
            0.59,
            0.65,
            0.48,
            0.47,
            0.55,
            0.68,
            0.65
        ]
    },
    {
        "%wins": [
            0.53,
            0.55,
            0.57,
            0.63,
            0.6,
            0.48,
            0.69,
            0.51,
            0.46,
            0.62,
            0.55,
            0.6,
            0.56,
            0.57,
            0.64,
            0.48,
            0.52,
            0.59,
            0.57,
            0.62,
            0.57,
            0.52,
            0.57,
            0.7,
            0.54,
            0.66,
            0.51,
            0.52,
            0.6,
            0.69,
            0.59,
            0.6,
            0.53,
            0.53,
            0.51,
            0.57,
            0.58,
            0.58,
            0.55,
            0.68,
            0.65,
            0.57,
            0.51,
            0.6,
            0.66,
            0.53,
            0.6,
            0.59,
            0.41,
            0.59,
            0.63,
            0.65,
            0.56,
            0.53,
            0.61,
            0.51,
            0.5,
            0.63,
            0.53,
            0.45,
            0.63,
            0.54,
            0.57,
            0.67,
            0.58,
            0.55,
            0.68,
            0.59,
            0.58,
            0.55,
            0.49,
            0.56,
            0.53,
            0.61,
            0.62,
            0.55,
            0.58,
            0.57,
            0.53,
            0.59,
            0.62,
            0.57,
            0.58,
            0.56,
            0.44,
            0.54,
            0.57,
            0.55,
            0.44,
            0.64,
            0.6,
            0.64,
            0.45,
            0.57,
            0.59,
            0.55,
            0.53,
            0.63,
            0.49,
            0.53
        ]
    },
    {
        "%wins": [
            0.52,
            0.54,
            0.6,
            0.51,
            0.53,
            0.51,
            0.53,
            0.49,
            0.58,
            0.62,
            0.59,
            0.62,
            0.49,
            0.59,
            0.5,
            0.61,
            0.61,
            0.58,
            0.6,
            0.55,
            0.62,
            0.49,
            0.59,
            0.6,
            0.65,
            0.58,
            0.66,
            0.59,
            0.52,
            0.58,
            0.56,
            0.57,
            0.56,
            0.54,
            0.67,
            0.56,
            0.57,
            0.62,
            0.54,
            0.52,
            0.63,
            0.55,
            0.5,
            0.56,
            0.54,
            0.64,
            0.58,
            0.66,
            0.57,
            0.58,
            0.58,
            0.6,
            0.51,
            0.67,
            0.55,
            0.64,
            0.61,
            0.64,
            0.59,
            0.57,
            0.59,
            0.6,
            0.54,
            0.56,
            0.66,
            0.53,
            0.46,
            0.59,
            0.6,
            0.58,
            0.53,
            0.48,
            0.68,
            0.58,
            0.61,
            0.54,
            0.5,
            0.65,
            0.56,
            0.62,
            0.54,
            0.49,
            0.59,
            0.56,
            0.62,
            0.59,
            0.55,
            0.57,
            0.63,
            0.6,
            0.54,
            0.56,
            0.54,
            0.53,
            0.57,
            0.63,
            0.62,
            0.54,
            0.65,
            0.51
        ]
    },
    {
        "%wins": [
            0.59,
            0.5,
            0.57,
            0.58,
            0.53,
            0.57,
            0.56,
            0.68,
            0.62,
            0.54,
            0.58,
            0.53,
            0.61,
            0.55,
            0.55,
            0.59,
            0.59,
            0.53,
            0.58,
            0.66,
            0.63,
            0.48,
            0.57,
            0.58,
            0.55,
            0.62,
            0.58,
            0.57,
            0.61,
            0.63,
            0.71,
            0.62,
            0.66,
            0.66,
            0.51,
            0.58,
            0.62,
            0.68,
            0.56,
            0.57,
            0.59,
            0.6,
            0.62,
            0.49,
            0.59,
            0.63,
            0.48,
            0.48,
            0.57,
            0.72,
            0.62,
            0.52,
            0.54,
            0.62,
            0.6,
            0.58,
            0.54,
            0.6,
            0.54,
            0.47,
            0.61,
            0.56,
            0.59,
            0.57,
            0.58,
            0.6,
            0.48,
            0.55,
            0.55,
            0.6,
            0.64,
            0.55,
            0.52,
            0.6,
            0.66,
            0.61,
            0.57,
            0.53,
            0.56,
            0.61,
            0.66,
            0.62,
            0.56,
            0.54,
            0.54,
            0.49,
            0.55,
            0.61,
            0.61,
            0.56,
            0.66,
            0.63,
            0.54,
            0.53,
            0.62,
            0.65,
            0.53,
            0.58,
            0.57,
            0.47
        ]
    },
    {
        "%wins": [
            0.59,
            0.64,
            0.6,
            0.52,
            0.57,
            0.61,
            0.5,
            0.57,
            0.57,
            0.52,
            0.52,
            0.54,
            0.59,
            0.59,
            0.67,
            0.54,
            0.58,
            0.69,
            0.58,
            0.55,
            0.54,
            0.52,
            0.59,
            0.5,
            0.65,
            0.56,
            0.57,
            0.59,
            0.54,
            0.55,
            0.59,
            0.64,
            0.55,
            0.55,
            0.56,
            0.48,
            0.53,
            0.56,
            0.53,
            0.5,
            0.64,
            0.59,
            0.62,
            0.47,
            0.54,
            0.55,
            0.61,
            0.57,
            0.55,
            0.53,
            0.53,
            0.49,
            0.55,
            0.59,
            0.59,
            0.63,
            0.54,
            0.56,
            0.75,
            0.53,
            0.51,
            0.54,
            0.49,
            0.52,
            0.65,
            0.55,
            0.59,
            0.56,
            0.54,
            0.64,
            0.65,
            0.62,
            0.62,
            0.44,
            0.59,
            0.46,
            0.59,
            0.55,
            0.64,
            0.68,
            0.6,
            0.47,
            0.61,
            0.65,
            0.53,
            0.58,
            0.48,
            0.5,
            0.47,
            0.62,
            0.6,
            0.6,
            0.55,
            0.59,
            0.61,
            0.62,
            0.58,
            0.46,
            0.62,
            0.54
        ]
    },
    {
        "%wins": [
            0.52,
            0.54,
            0.6,
            0.51,
            0.53,
            0.51,
            0.53,
            0.49,
            0.58,
            0.62,
            0.59,
            0.62,
            0.49,
            0.59,
            0.5,
            0.61,
            0.61,
            0.58,
            0.6,
            0.55,
            0.62,
            0.49,
            0.59,
            0.6,
            0.65,
            0.58,
            0.66,
            0.59,
            0.52,
            0.58,
            0.56,
            0.57,
            0.56,
            0.54,
            0.67,
            0.56,
            0.57,
            0.62,
            0.54,
            0.52,
            0.63,
            0.55,
            0.5,
            0.56,
            0.54,
            0.64,
            0.58,
            0.66,
            0.57,
            0.58,
            0.58,
            0.6,
            0.51,
            0.67,
            0.55,
            0.64,
            0.61,
            0.64,
            0.59,
            0.57,
            0.59,
            0.6,
            0.54,
            0.56,
            0.66,
            0.53,
            0.46,
            0.59,
            0.6,
            0.58,
            0.53,
            0.48,
            0.68,
            0.58,
            0.61,
            0.54,
            0.5,
            0.65,
            0.56,
            0.62,
            0.54,
            0.49,
            0.59,
            0.56,
            0.62,
            0.59,
            0.55,
            0.57,
            0.63,
            0.6,
            0.54,
            0.56,
            0.54,
            0.53,
            0.57,
            0.63,
            0.62,
            0.54,
            0.65,
            0.51
        ]
    },
    {
        "%wins": [
            0.59,
            0.5,
            0.57,
            0.58,
            0.53,
            0.57,
            0.56,
            0.68,
            0.62,
            0.54,
            0.58,
            0.53,
            0.61,
            0.55,
            0.55,
            0.59,
            0.59,
            0.53,
            0.58,
            0.66,
            0.63,
            0.48,
            0.57,
            0.58,
            0.55,
            0.62,
            0.58,
            0.57,
            0.61,
            0.63,
            0.71,
            0.62,
            0.66,
            0.66,
            0.51,
            0.58,
            0.62,
            0.68,
            0.56,
            0.57,
            0.59,
            0.6,
            0.62,
            0.49,
            0.59,
            0.63,
            0.48,
            0.48,
            0.57,
            0.72,
            0.62,
            0.52,
            0.54,
            0.62,
            0.6,
            0.58,
            0.54,
            0.6,
            0.54,
            0.47,
            0.61,
            0.56,
            0.59,
            0.57,
            0.58,
            0.6,
            0.48,
            0.55,
            0.55,
            0.6,
            0.64,
            0.55,
            0.52,
            0.6,
            0.66,
            0.61,
            0.57,
            0.53,
            0.56,
            0.61,
            0.66,
            0.62,
            0.56,
            0.54,
            0.54,
            0.49,
            0.55,
            0.61,
            0.61,
            0.56,
            0.66,
            0.63,
            0.54,
            0.53,
            0.62,
            0.65,
            0.53,
            0.58,
            0.57,
            0.47
        ]
    },
    {
        "%wins": [
            0.59,
            0.64,
            0.6,
            0.52,
            0.57,
            0.61,
            0.5,
            0.57,
            0.57,
            0.52,
            0.52,
            0.54,
            0.59,
            0.59,
            0.67,
            0.54,
            0.58,
            0.69,
            0.58,
            0.55,
            0.54,
            0.52,
            0.59,
            0.5,
            0.65,
            0.56,
            0.57,
            0.59,
            0.54,
            0.55,
            0.59,
            0.64,
            0.55,
            0.55,
            0.56,
            0.48,
            0.53,
            0.56,
            0.53,
            0.5,
            0.64,
            0.59,
            0.62,
            0.47,
            0.54,
            0.55,
            0.61,
            0.57,
            0.55,
            0.53,
            0.53,
            0.49,
            0.55,
            0.59,
            0.59,
            0.63,
            0.54,
            0.56,
            0.75,
            0.53,
            0.51,
            0.54,
            0.49,
            0.52,
            0.65,
            0.55,
            0.59,
            0.56,
            0.54,
            0.64,
            0.65,
            0.62,
            0.62,
            0.44,
            0.59,
            0.46,
            0.59,
            0.55,
            0.64,
            0.68,
            0.6,
            0.47,
            0.61,
            0.65,
            0.53,
            0.58,
            0.48,
            0.5,
            0.47,
            0.62,
            0.6,
            0.6,
            0.55,
            0.59,
            0.61,
            0.62,
            0.58,
            0.46,
            0.62,
            0.54
        ]
    },
    {
        "%wins": [
            0.52,
            0.54,
            0.6,
            0.51,
            0.53,
            0.51,
            0.53,
            0.49,
            0.58,
            0.62,
            0.59,
            0.62,
            0.49,
            0.59,
            0.5,
            0.61,
            0.61,
            0.58,
            0.6,
            0.55,
            0.62,
            0.49,
            0.59,
            0.6,
            0.65,
            0.58,
            0.66,
            0.59,
            0.52,
            0.58,
            0.56,
            0.57,
            0.56,
            0.54,
            0.67,
            0.56,
            0.57,
            0.62,
            0.54,
            0.52,
            0.63,
            0.55,
            0.5,
            0.56,
            0.54,
            0.64,
            0.58,
            0.66,
            0.57,
            0.58,
            0.58,
            0.6,
            0.51,
            0.67,
            0.55,
            0.64,
            0.61,
            0.64,
            0.59,
            0.57,
            0.59,
            0.6,
            0.54,
            0.56,
            0.66,
            0.53,
            0.46,
            0.59,
            0.6,
            0.58,
            0.53,
            0.48,
            0.68,
            0.58,
            0.61,
            0.54,
            0.5,
            0.65,
            0.56,
            0.62,
            0.54,
            0.49,
            0.59,
            0.56,
            0.62,
            0.59,
            0.55,
            0.57,
            0.63,
            0.6,
            0.54,
            0.56,
            0.54,
            0.53,
            0.57,
            0.63,
            0.62,
            0.54,
            0.65,
            0.51
        ]
    },
    {
        "%wins": [
            0.59,
            0.5,
            0.57,
            0.58,
            0.53,
            0.57,
            0.56,
            0.68,
            0.62,
            0.54,
            0.58,
            0.53,
            0.61,
            0.55,
            0.55,
            0.59,
            0.59,
            0.53,
            0.58,
            0.66,
            0.63,
            0.48,
            0.57,
            0.58,
            0.55,
            0.62,
            0.58,
            0.57,
            0.61,
            0.63,
            0.71,
            0.62,
            0.66,
            0.66,
            0.51,
            0.58,
            0.62,
            0.68,
            0.56,
            0.57,
            0.59,
            0.6,
            0.62,
            0.49,
            0.59,
            0.63,
            0.48,
            0.48,
            0.57,
            0.72,
            0.62,
            0.52,
            0.54,
            0.62,
            0.6,
            0.58,
            0.54,
            0.6,
            0.54,
            0.47,
            0.61,
            0.56,
            0.59,
            0.57,
            0.58,
            0.6,
            0.48,
            0.55,
            0.55,
            0.6,
            0.64,
            0.55,
            0.52,
            0.6,
            0.66,
            0.61,
            0.57,
            0.53,
            0.56,
            0.61,
            0.66,
            0.62,
            0.56,
            0.54,
            0.54,
            0.49,
            0.55,
            0.61,
            0.61,
            0.56,
            0.66,
            0.63,
            0.54,
            0.53,
            0.62,
            0.65,
            0.53,
            0.58,
            0.57,
            0.47
        ]
    }
]